{"producer":{"name":"Maya","version":"2018","exporter_version":"Custom.Build.Version","file":"animation_all.babylon"},"autoClear":true,"clearColor":[0.2,0.2,0.3],"ambientColor":[0.0,0.0,0.0],"fogMode":0,"fogColor":null,"fogStart":0.0,"fogEnd":0.0,"fogDensity":0.0,"gravity":[0.0,0.0,-0.9],"physicsEngine":null,"physicsEnabled":false,"physicsGravity":null,"meshes":[{"materialId":null,"isEnabled":true,"isVisible":true,"positions":null,"normals":null,"tangents":null,"uvs":null,"uvs2":null,"colors":null,"hasVertexAlpha":false,"matricesIndices":null,"matricesWeights":null,"matricesIndicesExtra":null,"matricesWeightsExtra":null,"indices":null,"receiveShadows":false,"infiniteDistance":false,"billboardMode":0,"visibility":1.0,"subMeshes":null,"instances":null,"skeletonId":0,"numBoneInfluencers":4,"applyFog":false,"lodMeshIds":null,"lodDistances":null,"lodCoverages":null,"rotation":null,"scaling":[100.0,100.0,100.0],"rotationQuaternion":[0.7071,0.0,0.0,0.7071],"actions":null,"checkCollisions":false,"pickable":true,"showBoundingBox":false,"showSubMeshesBoundingBox":false,"alphaIndex":0,"physicsImpostor":0,"physicsMass":0.0,"physicsFriction":0.0,"physicsRestitution":0.0,"name":"elf","id":"D9314A40-4F30-D73A-F3EF-1BADA4D84E51","parentId":null,"position":[0.0,0.0,0.0],"animations":null,"autoAnimate":true,"autoAnimateFrom":0,"autoAnimateTo":140,"autoAnimateLoop":true,"metadata":{"UDP3DSMAX":"MapChannel:1 = UVChannel_1&cr;&lf;babylonjs_noexport = False&cr;&lf;babylonjs_checkcollisions = False&cr;&lf;babylonjs_checkpickable = False&cr;&lf;babylonjs_optimizevertices = False&cr;&lf;babylonjs_showboundingbox = False&cr;&lf;babylonjs_showsubmeshesboundingbox = False&cr;&lf;babylonjs_autoanimate = True&cr;&lf;babylonjs_autoanimateloop = True&cr;&lf;babylonjs_autoanimate_from = 0,000000&cr;&lf;babylonjs_autoanimate_to = 140,000000&cr;&lf;babylonjs_alphaindex = 1000,000000&cr;&lf;babylonjs_mass = 0,000000&cr;&lf;babylonjs_friction = 0,200000&cr;&lf;babylonjs_restitution = 0,200000&cr;&lf;babylonjs_impostor = None&cr;&lf;babylonjs_sound_autoplay = True&cr;&lf;babylonjs_sound_loop = True&cr;&lf;babylonjs_sound_volume = 1,000000&cr;&lf;babylonjs_sound_playbackrate = 1,000000&cr;&lf;babylonjs_sound_distancemodel = linear&cr;&lf;babylonjs_sound_maxdistance = 100,000000&cr;&lf;babylonjs_sound_rolloff = 1,000000&cr;&lf;babylonjs_sound_refdistance = 1,000000&cr;&lf;babylonjs_sound_directional = False&cr;&lf;babylonjs_sound_coneinnerangle = 360,000000&cr;&lf;babylonjs_sound_coneouterangle = 360,000000&cr;&lf;babylonjs_sound_coneoutergain = 1,000000&cr;&lf;babylonjs_sound_filename = &cr;&lf;","MaxHandle":1}}],"sounds":[],"materials":[],"multiMaterials":[],"particleSystems":null,"lensFlareSystems":null,"shadowGenerators":[],"skeletons":[{"id":0,"name":"skeleton #0","bones":[{"id":"CE467561-41A3-C041-822B-BA8DCB9290E2-bone","name":"mixamorig:Hips","index":0,"parentBoneIndex":-1,"matrix":[99.9982,0.6003,-0.0219,0.0,-0.6003,99.9982,-0.0105,0.0,0.0219,0.0106,100.0,0.0,0.0,0.0,0.0,1.0],"animation":null,"linkedTransformNodeId":null},{"id":"A5B42437-47A0-0D12-F90A-8FB92C54B321-bone","name":"mixamorig:Spine","index":1,"parentBoneIndex":0,"matrix":[0.9828,0.0277,0.1824,0.0,0.0411,0.931,-0.3627,0.0,-0.1799,0.3639,0.9139,0.0,0.0,0.0885,-0.0097,1.0],"animation":null,"linkedTransformNodeId":null},{"id":"F9ABA4C8-4704-0876-DBFE-8FAB1C9F94F3-bone","name":"mixamorig:Spine1","index":2,"parentBoneIndex":1,"matrix":[0.9985,0.0078,0.054,0.0,-0.0067,0.9998,-0.0202,0.0,-0.0541,0.0198,0.9983,0.0,0.0,0.1039,0.0,1.0],"animation":null,"linkedTransformNodeId":null},{"id":"C3FC375A-4967-0E1D-8FC6-4FBC3A5A5F31-bone","name":"mixamorig:Spine2","index":3,"parentBoneIndex":2,"matrix":[1.9971,0.015,0.1065,0.0,-0.0128,1.9995,-0.0415,0.0,-0.1068,0.0408,1.9967,0.0,0.0,0.1187,0.0,1.0],"animation":null,"linkedTransformNodeId":null},{"id":"F9537909-4769-2211-6376-1F8B568CABF6-bone","name":"mixamorig:Neck","index":4,"parentBoneIndex":3,"matrix":[0.9993,0.0302,-0.0235,0.0,-0.0238,0.9713,0.2366,0.0,0.0299,-0.2359,0.9713,0.0,0.0,0.1336,0.0,1.0],"animation":null,"linkedTransformNodeId":null},{"id":"620A73CD-4710-8919-3BA3-F5996B9F4AE6-bone","name":"mixamorig:Head","index":5,"parentBoneIndex":4,"matrix":[0.9948,-0.0926,0.0424,0.0,0.0665,0.9061,0.4179,0.0,-0.0771,-0.4129,0.9075,0.0,0.0,0.0177,0.007,1.0],"animation":null,"linkedTransformNodeId":null},{"id":"116F25A0-40D8-ED0F-1DAB-A7913E96D8ED-bone","name":"mixamorig:LeftShoulder","index":6,"parentBoneIndex":3,"matrix":[0.0014,0.0075,1.0,0.0,0.926,-0.3775,0.0015,0.0,0.3775,0.926,-0.0075,0.0,0.0503,0.1191,-0.0022,1.0],"animation":null,"linkedTransformNodeId":null},{"id":"5A47A961-4EF0-BCA1-0F44-D59DB29CE39A-bone","name":"mixamorig:LeftArm","index":7,"parentBoneIndex":6,"matrix":[0.747,-0.3144,0.5858,0.0,0.6111,0.6718,-0.4186,0.0,-0.2619,0.6707,0.694,0.0,0.0,0.1002,0.0,1.0],"animation":null,"linkedTransformNodeId":null},{"id":"F765DA4F-4091-A976-B517-58BDAC2C03B2-bone","name":"mixamorig:LeftForeArm","index":8,"parentBoneIndex":7,"matrix":[0.0919,0.6097,-0.7873,0.0,-0.8474,0.4631,0.2597,0.0,0.5229,0.6433,0.5592,0.0,0.0,0.1236,0.0,1.0],"animation":null,"linkedTransformNodeId":null},{"id":"22E0B317-4ED8-7A0E-BDBA-E0AEFA02225B-bone","name":"mixamorig:LeftHand","index":9,"parentBoneIndex":8,"matrix":[1.0,0.0,0.0,0.0,0.0,1.0,0.0,0.0,0.0,0.0,1.0,0.0,0.0,0.2693,0.0,1.0],"animation":null,"linkedTransformNodeId":null},{"id":"784CDF70-493F-ED3C-CF97-DD811A60161F-bone","name":"mixamorig:RightShoulder","index":10,"parentBoneIndex":3,"matrix":[0.221,0.0034,-0.9753,0.0,-0.8669,-0.4575,-0.198,0.0,-0.4469,0.8892,-0.0982,0.0,-0.0503,0.1189,-0.001,1.0],"animation":null,"linkedTransformNodeId":null},{"id":"88701625-4358-9BAF-A8B5-F397BFFAB2D9-bone","name":"mixamorig:RightArm","index":11,"parentBoneIndex":10,"matrix":[0.8392,-0.4174,0.3486,0.0,0.4628,0.8848,-0.0548,0.0,-0.2856,0.2073,0.9357,0.0,0.0,0.1002,0.0,1.0],"animation":null,"linkedTransformNodeId":null},{"id":"8579F167-4B50-5A47-E6EC-FF8E9BB55A99-bone","name":"mixamorig:RightForeArm","index":12,"parentBoneIndex":11,"matrix":[-0.4096,-0.5618,0.7187,0.0,0.8948,-0.094,0.4365,0.0,-0.1777,0.8219,0.5412,0.0,0.0,0.1233,0.0,1.0],"animation":null,"linkedTransformNodeId":null},{"id":"8F68404F-4AC4-835A-1636-728BDBBDCE45-bone","name":"mixamorig:RightHand","index":13,"parentBoneIndex":12,"matrix":[1.0,0.0,0.0,0.0,0.0,1.0,0.0,0.0,0.0,0.0,1.0,0.0,0.0,0.273,0.0,1.0],"animation":null,"linkedTransformNodeId":null},{"id":"5F2FC23F-4708-914F-C40D-8692ABB11CFD-bone","name":"mixamorig:LeftUpLeg","index":14,"parentBoneIndex":0,"matrix":[-0.9458,-0.0902,-0.312,0.0,0.3162,-0.4749,-0.8213,0.0,-0.0741,-0.8754,0.4776,0.0,0.1194,-0.0489,0.0113,1.0],"animation":null,"linkedTransformNodeId":null},{"id":"54F5BA2B-48D6-82BC-3932-A1A9794D4E10-bone","name":"mixamorig:LeftLeg","index":15,"parentBoneIndex":14,"matrix":[1.0,-0.008,0.0005,0.0,-0.0054,-0.6244,0.7811,0.0,-0.0059,-0.7811,-0.6244,0.0,0.0,0.3323,0.0,1.0],"animation":null,"linkedTransformNodeId":null},{"id":"15A0FCEE-4691-396E-A1DD-F2A5BA059CDC-bone","name":"mixamorig:LeftFoot","index":16,"parentBoneIndex":15,"matrix":[0.9721,0.1774,-0.1536,0.0,-0.1804,0.1461,-0.9727,0.0,-0.1501,0.9732,0.174,0.0,0.0,0.2374,0.0,1.0],"animation":null,"linkedTransformNodeId":null},{"id":"BEF25172-441E-B813-BE5C-F8B65E8560D9-bone","name":"mixamorig:LeftToeBase","index":17,"parentBoneIndex":16,"matrix":[0.868,-0.0591,-0.493,0.0,-0.2997,0.7293,-0.615,0.0,0.3959,0.6816,0.6154,0.0,0.0,0.1604,0.0,1.0],"animation":null,"linkedTransformNodeId":null},{"id":"F3CCF400-4706-88C0-0B63-B4896DDEF303-bone","name":"mixamorig:RightUpLeg","index":18,"parentBoneIndex":0,"matrix":[-0.9992,0.0234,-0.0312,0.0,-0.012,-0.946,-0.3241,0.0,-0.0371,-0.3234,0.9455,0.0,-0.1194,-0.0489,0.0071,1.0],"animation":null,"linkedTransformNodeId":null},{"id":"25991DA9-488D-3603-B7EC-DBBB1A79A115-bone","name":"mixamorig:RightLeg","index":19,"parentBoneIndex":18,"matrix":[0.9899,0.0982,-0.1025,0.0,0.0091,0.6765,0.7364,0.0,0.1417,-0.7299,0.6687,0.0,0.0,0.3326,0.0,1.0],"animation":null,"linkedTransformNodeId":null},{"id":"C523D653-4426-3757-A017-E697176CBE0C-bone","name":"mixamorig:RightFoot","index":20,"parentBoneIndex":19,"matrix":[0.9873,0.14,0.0756,0.0,0.0891,-0.0926,-0.9917,0.0,-0.1319,0.9858,-0.1038,0.0,0.0,0.2379,0.0,1.0],"animation":null,"linkedTransformNodeId":null},{"id":"CE3DEAE7-40EF-294F-3999-E982DD6B1E15-bone","name":"mixamorig:RightToeBase","index":21,"parentBoneIndex":20,"matrix":[0.8903,0.1008,0.444,0.0,0.2719,0.6646,-0.696,0.0,-0.3653,0.7404,0.5643,0.0,0.0,0.155,0.0,1.0],"animation":null,"linkedTransformNodeId":null}],"needInitialSkinMatrix":true}],"actions":null,"metadata":null,"workerCollisions":false,"animationGroups":[{"name":"Die","from":74.0,"to":140.0,"targetedAnimations":[{"animation":{"name":"mixamorig:HipsAnimation","property":"_matrix","dataType":3,"enableBlending":false,"blendingSpeed":0.01,"loopBehavior":1,"framePerSecond":30,"keys":[{"frame":74,"values":[99.9982,0.6003,-0.0219,0.0,-0.6003,99.9982,-0.0106,0.0,0.0219,0.0108,100.0,0.0,0.0,0.0,0.0,1.0]},{"frame":75,"values":[99.8081,1.2506,-6.0647,0.0,-1.1284,99.9727,2.0446,0.0,6.0887,-1.9722,99.795,0.0,0.0,0.0,0.0,1.0]},{"frame":76,"values":[99.7556,3.029,-6.2967,0.0,-2.8209,99.9034,3.3686,0.0,6.3927,-3.1828,99.7447,0.0,0.0,0.0,0.0,1.0]},{"frame":77,"values":[99.6853,5.1445,-6.0317,0.0,-4.8345,99.7488,5.1771,0.0,6.2828,-4.8692,99.6836,0.0,0.0,0.0,0.0,1.0]},{"frame":78,"values":[99.6719,7.1661,-3.7645,0.0,-6.8322,99.4159,8.3547,0.0,4.3412,-8.0701,99.5793,0.0,0.0,0.0,0.0,1.0]},{"frame":79,"values":[99.6145,8.532,2.0401,0.0,-8.7327,98.6556,13.8132,0.0,-0.8342,-13.9381,99.0204,0.0,0.0,0.0,0.0,1.0]},{"frame":80,"values":[98.8829,8.2927,12.3856,0.0,-10.8456,97.0302,21.6219,0.0,-10.2248,-22.7237,96.8457,0.0,0.0,0.0,0.0,1.0]},{"frame":81,"values":[96.3594,5.9993,26.0554,0.0,-14.2449,93.9871,31.0404,0.0,-22.6265,-33.6219,91.4199,0.0,0.0,0.0,0.0,1.0]},{"frame":82,"values":[91.4429,2.173,40.4163,0.0,-19.4811,89.8913,39.2433,0.0,-35.478,-43.7588,82.6225,0.0,0.0,0.0,0.0,1.0]},{"frame":83,"values":[83.7363,-2.6012,54.6029,0.0,-26.5962,85.3286,44.8516,0.0,-47.7586,-52.0793,70.7592,0.0,0.0,0.0,0.0,1.0]},{"frame":84,"values":[71.6618,-8.6155,69.2125,0.0,-34.6313,81.7418,46.032,0.0,-60.5414,-56.9566,55.5939,0.0,0.0,0.0,0.0,1.0]},{"frame":85,"values":[59.5173,-15.486,78.8535,0.0,-39.5131,79.8046,45.4966,0.0,-69.9743,-58.2358,41.3786,0.0,0.0,0.0,0.0,1.0]},{"frame":86,"values":[45.3012,-23.9964,85.8602,0.0,-44.6646,77.2415,45.1534,0.0,-77.1548,-58.8042,24.2734,0.0,0.0,0.0,0.0,1.0]},{"frame":87,"values":[31.9351,-31.6626,89.3176,0.0,-49.896,74.5116,44.254,0.0,-80.5639,-58.6985,7.997,0.0,0.0,0.0,0.0,1.0]},{"frame":88,"values":[20.9317,-36.8563,90.5731,0.0,-54.1693,72.7435,42.1197,0.0,-81.4098,-57.8791,-4.7383,0.0,0.0,0.0,0.0,1.0]},{"frame":89,"values":[12.4417,-42.6291,89.5989,0.0,-57.3685,70.5867,41.5497,0.0,-80.9572,-56.571,-15.6735,0.0,0.0,0.0,0.0,1.0]},{"frame":90,"values":[8.5781,-47.7867,87.4234,0.0,-59.5936,67.8586,42.9397,0.0,-79.8437,-55.7822,-22.6568,0.0,0.0,0.0,0.0,1.0]},{"frame":91,"values":[6.9106,-50.9534,85.7671,0.0,-62.2959,64.946,43.6032,0.0,-77.9196,-56.4426,-27.2537,0.0,0.0,0.0,0.0,1.0]},{"frame":92,"values":[5.9722,-53.6729,84.1639,0.0,-65.5132,61.5074,43.8732,0.0,-75.315,-57.7586,-31.4895,0.0,0.0,0.0,0.0,1.0]},{"frame":93,"values":[7.7349,-57.7256,81.2892,0.0,-69.8578,55.0344,45.7286,0.0,-71.134,-60.3239,-36.069,0.0,0.0,0.0,0.0,1.0]},{"frame":94,"values":[5.8818,-66.7735,74.2072,0.0,-77.4332,43.8641,45.6075,0.0,-63.004,-60.1435,-49.1248,0.0,0.0,0.0,0.0,1.0]},{"frame":95,"values":[11.2016,-66.7414,73.6214,0.0,-88.491,27.0069,37.947,0.0,-45.2092,-69.399,-56.0349,0.0,0.0,0.0,0.0,1.0]},{"frame":96,"values":[19.3839,-65.6806,72.872,0.0,-92.1863,13.2121,36.4298,0.0,-33.5552,-74.2395,-57.9875,0.0,0.0,0.0,0.0,1.0]},{"frame":97,"values":[23.8616,-72.6736,64.4141,0.0,-91.967,4.3914,39.0228,0.0,-31.1879,-68.5512,-65.7879,0.0,0.0,0.0,0.0,1.0]},{"frame":98,"values":[23.8523,-73.1566,63.8684,0.0,-94.2835,-1.6831,33.2833,0.0,-23.274,-68.1563,-69.3761,0.0,0.0,0.0,0.0,1.0]},{"frame":99,"values":[25.5677,-73.8887,62.3438,0.0,-96.5346,-16.0233,20.5991,0.0,-5.2309,-65.4501,-75.425,0.0,0.0,0.0,0.0,1.0]},{"frame":100,"values":[33.4886,-74.5823,57.5847,0.0,-93.9261,-31.2932,14.093,0.0,7.5093,-58.8066,-80.5319,0.0,0.0,0.0,0.0,1.0]},{"frame":101,"values":[34.6714,-73.8769,57.7936,0.0,-92.6381,-36.6266,8.7558,0.0,14.6993,-56.5747,-81.1371,0.0,0.0,0.0,0.0,1.0]},{"frame":102,"values":[36.503,-70.8667,60.3775,0.0,-90.7856,-41.4645,6.219,0.0,20.6281,-57.0842,-79.4725,0.0,0.0,0.0,0.0,1.0]},{"frame":103,"values":[39.7372,-68.413,61.1606,0.0,-88.1028,-47.0847,4.5741,0.0,25.668,-55.7018,-78.9839,0.0,0.0,0.0,0.0,1.0]},{"frame":104,"values":[42.8064,-67.3553,60.2567,0.0,-85.5898,-51.6214,3.1004,0.0,29.0171,-52.9008,-79.7466,0.0,0.0,0.0,0.0,1.0]},{"frame":105,"values":[44.5248,-68.0106,58.2418,0.0,-84.3736,-53.6436,1.8609,0.0,29.9774,-49.9692,-81.2676,0.0,0.0,0.0,0.0,1.0]},{"frame":106,"values":[45.7852,-67.9626,57.3132,0.0,-83.0019,-55.7733,0.1702,0.0,31.8497,-47.649,-81.9461,0.0,0.0,0.0,0.0,1.0]},{"frame":107,"values":[45.8779,-66.5783,58.8435,0.0,-82.2368,-56.8951,-0.2572,0.0,33.6502,-48.273,-80.8541,0.0,0.0,0.0,0.0,1.0]},{"frame":108,"values":[45.0043,-64.8285,61.4157,0.0,-81.9849,-57.2568,-0.3614,0.0,35.399,-50.1889,-78.9176,0.0,0.0,0.0,0.0,1.0]},{"frame":109,"values":[42.5302,-64.0573,63.9363,0.0,-83.734,-54.6602,0.9359,0.0,34.3482,-53.9345,-76.8848,0.0,0.0,0.0,0.0,1.0]},{"frame":110,"values":[39.2927,-62.8299,67.1453,0.0,-85.8288,-51.2672,2.2538,0.0,33.0075,-58.5156,-74.0704,0.0,0.0,0.0,0.0,1.0]},{"frame":111,"values":[36.5827,-60.6685,70.5765,0.0,-87.7885,-47.6731,4.524,0.0,30.9013,-63.613,-70.7,0.0,0.0,0.0,0.0,1.0]},{"frame":112,"values":[34.9159,-57.6452,73.8777,0.0,-89.1483,-44.7238,7.2361,0.0,28.8697,-68.3873,-67.0054,0.0,0.0,0.0,0.0,1.0]},{"frame":113,"values":[32.602,-55.2314,76.7242,0.0,-91.2884,-39.4832,10.368,0.0,24.5668,-73.4205,-63.2922,0.0,0.0,0.0,0.0,1.0]},{"frame":114,"values":[29.6892,-53.1353,79.3423,0.0,-93.8338,-31.6466,13.9182,0.0,17.7136,-78.582,-59.2545,0.0,0.0,0.0,0.0,1.0]},{"frame":115,"values":[26.138,-51.4321,81.6795,0.0,-96.1833,-20.978,17.5698,0.0,8.0982,-83.1544,-54.9523,0.0,0.0,0.0,0.0,1.0]},{"frame":116,"values":[25.327,-44.8105,85.7355,0.0,-96.7373,-12.3335,22.1308,0.0,0.6573,-88.5432,-46.4722,0.0,0.0,0.0,0.0,1.0]},{"frame":117,"values":[26.2328,-38.8937,88.3127,0.0,-96.4513,-7.7238,25.2487,0.0,-2.9991,-91.8021,-39.5396,0.0,0.0,0.0,0.0,1.0]},{"frame":118,"values":[27.4295,-38.2127,88.2463,0.0,-96.002,-5.5483,27.4377,0.0,-5.5885,-92.2443,-38.2068,0.0,0.0,0.0,0.0,1.0]},{"frame":119,"values":[24.1904,-36.1329,90.0514,0.0,-96.9339,-4.8689,24.0856,0.0,-4.3183,-93.1166,-36.2028,0.0,0.0,0.0,0.0,1.0]},{"frame":120,"values":[22.6391,-27.3582,93.4826,0.0,-97.3869,-4.5758,22.2455,0.0,-1.8084,-96.076,-27.6792,0.0,0.0,0.0,0.0,1.0]},{"frame":121,"values":[21.5581,-21.2753,95.3027,0.0,-97.6033,-1.7237,21.6937,0.0,-2.9727,-97.6954,-21.137,0.0,0.0,0.0,0.0,1.0]},{"frame":122,"values":[20.5231,-20.4638,95.7081,0.0,-97.7454,0.6745,21.1042,0.0,-4.9642,-97.8815,-19.864,0.0,0.0,0.0,0.0,1.0]},{"frame":123,"values":[19.7409,-21.2354,95.7045,0.0,-97.9371,0.0244,20.2068,0.0,-4.3143,-97.7193,-20.7926,0.0,0.0,0.0,0.0,1.0]},{"frame":124,"values":[19.078,-21.1398,95.86,0.0,-98.098,-0.5448,19.4033,0.0,-3.5796,-97.7385,-20.8417,0.0,0.0,0.0,0.0,1.0]},{"frame":125,"values":[19.2392,-21.103,95.8359,0.0,-98.0725,-0.741,19.5251,0.0,-3.4102,-97.7451,-20.8388,0.0,0.0,0.0,0.0,1.0]},{"frame":126,"values":[19.6155,-21.9972,95.5582,0.0,-98.0223,-1.7953,19.7081,0.0,-2.6197,-97.5341,-21.9143,0.0,0.0,0.0,0.0,1.0]},{"frame":127,"values":[20.1087,-23.6805,95.052,0.0,-97.9289,-2.5212,20.0892,0.0,-2.3607,-97.123,-23.697,0.0,0.0,0.0,0.0,1.0]},{"frame":128,"values":[20.6261,-26.1567,94.2889,0.0,-97.8333,-3.7455,20.3624,0.0,-1.7945,-96.4458,-26.3625,0.0,0.0,0.0,0.0,1.0]},{"frame":129,"values":[21.1559,-28.8672,93.3762,0.0,-97.7273,-4.9338,20.6165,0.0,-1.3444,-95.6156,-29.2549,0.0,0.0,0.0,0.0,1.0]},{"frame":130,"values":[21.562,-30.984,92.6017,0.0,-97.6434,-5.9449,20.7468,0.0,-0.9231,-94.8928,-31.5357,0.0,0.0,0.0,0.0,1.0]},{"frame":131,"values":[21.9442,-32.3675,92.037,0.0,-97.5605,-6.6643,20.9174,0.0,-0.6369,-94.3818,-33.0403,0.0,0.0,0.0,0.0,1.0]},{"frame":132,"values":[21.9535,-33.2216,91.7299,0.0,-97.5578,-6.7831,20.8917,0.0,-0.7184,-94.0761,-33.8993,0.0,0.0,0.0,0.0,1.0]},{"frame":133,"values":[21.8614,-33.6446,91.5976,0.0,-97.5764,-6.6093,20.8606,0.0,-0.9645,-93.938,-34.2741,0.0,0.0,0.0,0.0,1.0]},{"frame":134,"values":[21.6645,-33.6206,91.6532,0.0,-97.6159,-6.1757,20.8086,0.0,-1.3358,-93.9762,-34.1569,0.0,0.0,0.0,0.0,1.0]},{"frame":135,"values":[21.3212,-33.3239,91.8419,0.0,-97.6861,-5.6498,20.6279,0.0,-1.6852,-94.1148,-33.7574,0.0,0.0,0.0,0.0,1.0]},{"frame":136,"values":[20.8889,-32.608,92.1975,0.0,-97.7763,-5.1709,20.324,0.0,-1.8598,-94.3927,-32.963,0.0,0.0,0.0,0.0,1.0]},{"frame":137,"values":[20.4487,-31.7395,92.5984,0.0,-97.8658,-4.6656,20.0127,0.0,-2.0317,-94.7145,-32.0162,0.0,0.0,0.0,0.0,1.0]},{"frame":138,"values":[20.0852,-30.9117,92.9573,0.0,-97.9393,-4.2849,19.7367,0.0,-2.1178,-95.0058,-31.1353,0.0,0.0,0.0,0.0,1.0]},{"frame":139,"values":[19.9216,-30.2967,93.1947,0.0,-97.9725,-4.0964,19.6113,0.0,-2.124,-95.212,-30.4985,0.0,0.0,0.0,0.0,1.0]},{"frame":140,"values":[19.9139,-30.0713,93.2693,0.0,-97.9744,-4.0582,19.6101,0.0,-2.112,-95.2851,-30.2703,0.0,0.0,0.0,0.0,1.0]}]},"targetId":"CE467561-41A3-C041-822B-BA8DCB9290E2-bone"},{"animation":{"name":"mixamorig:SpineAnimation","property":"_matrix","dataType":3,"enableBlending":false,"blendingSpeed":0.01,"loopBehavior":1,"framePerSecond":30,"keys":[{"frame":74,"values":[0.9968,-0.0486,0.0628,0.0,0.062,0.9705,-0.2328,0.0,-0.0496,0.2359,0.9705,0.0,0.0,0.0885,-0.0097,1.0]},{"frame":75,"values":[0.9972,-0.0445,0.0597,0.0,0.0572,0.9714,-0.2303,0.0,-0.0478,0.2331,0.9713,0.0,0.0,0.0885,-0.0097,1.0]},{"frame":76,"values":[0.9982,-0.0326,0.0497,0.0,0.043,0.9737,-0.2236,0.0,-0.0411,0.2254,0.9734,0.0,0.0,0.0885,-0.0097,1.0]},{"frame":77,"values":[0.9992,-0.0159,0.0357,0.0,0.0232,0.9767,-0.2136,0.0,-0.0314,0.2142,0.9763,0.0,0.0,0.0885,-0.0097,1.0]},{"frame":78,"values":[0.9998,0.0034,0.0197,0.0,0.0006,0.9796,-0.201,0.0,-0.02,0.201,0.9794,0.0,0.0,0.0885,-0.0097,1.0]},{"frame":79,"values":[0.9997,0.0234,0.0039,0.0,-0.0222,0.9821,-0.1869,0.0,-0.0082,0.1867,0.9824,0.0,0.0,0.0885,-0.0097,1.0]},{"frame":80,"values":[0.999,0.0425,-0.0101,0.0,-0.0436,0.9841,-0.1721,0.0,0.0026,0.1724,0.985,0.0,0.0,0.0885,-0.0097,1.0]},{"frame":81,"values":[0.9981,0.0578,-0.0215,0.0,-0.0604,0.9856,-0.1578,0.0,0.012,0.1588,0.9872,0.0,0.0,0.0885,-0.0097,1.0]},{"frame":82,"values":[0.9976,0.0666,-0.0169,0.0,-0.0684,0.9872,-0.1444,0.0,0.0071,0.1452,0.9894,0.0,0.0,0.0885,-0.0097,1.0]},{"frame":83,"values":[0.9977,0.0669,-0.0137,0.0,-0.0682,0.9889,-0.1319,0.0,0.0047,0.1325,0.9912,0.0,0.0,0.0885,-0.0097,1.0]},{"frame":84,"values":[0.998,0.0611,-0.0155,0.0,-0.0625,0.9914,-0.1154,0.0,0.0083,0.1161,0.9932,0.0,0.0,0.0885,-0.0097,1.0]},{"frame":85,"values":[0.9982,0.0571,-0.0191,0.0,-0.0586,0.9937,-0.0954,0.0,0.0136,0.0963,0.9953,0.0,0.0,0.0885,-0.0097,1.0]},{"frame":86,"values":[0.9983,0.0517,-0.0277,0.0,-0.054,0.9946,-0.0887,0.0,0.023,0.0901,0.9957,0.0,0.0,0.0885,-0.0097,1.0]},{"frame":87,"values":[0.9985,0.0462,-0.0295,0.0,-0.0488,0.9941,-0.0969,0.0,0.0249,0.0982,0.9949,0.0,0.0,0.0885,-0.0097,1.0]},{"frame":88,"values":[0.9987,0.0399,-0.0321,0.0,-0.0433,0.9927,-0.1126,0.0,0.0274,0.1139,0.9931,0.0,0.0,0.0885,-0.0097,1.0]},{"frame":89,"values":[0.9983,0.0479,-0.0324,0.0,-0.0518,0.9899,-0.1319,0.0,0.0258,0.1334,0.9907,0.0,0.0,0.0885,-0.0097,1.0]},{"frame":90,"values":[0.9977,0.0643,-0.023,0.0,-0.067,0.9868,-0.1476,0.0,0.0132,0.1488,0.9888,0.0,0.0,0.0885,-0.0097,1.0]},{"frame":91,"values":[0.9973,0.0723,-0.0144,0.0,-0.0736,0.9841,-0.1618,0.0,0.0024,0.1624,0.9867,0.0,0.0,0.0885,-0.0097,1.0]},{"frame":92,"values":[0.9971,0.075,-0.0099,0.0,-0.0756,0.9821,-0.1725,0.0,-0.0032,0.1728,0.985,0.0,0.0,0.0885,-0.0097,1.0]},{"frame":93,"values":[0.9959,0.0905,-0.0003,0.0,-0.089,0.9788,-0.1843,0.0,-0.0164,0.1836,0.9829,0.0,0.0,0.0885,-0.0097,1.0]},{"frame":94,"values":[0.9953,0.0958,-0.0168,0.0,-0.0972,0.9741,-0.2041,0.0,-0.0031,0.2048,0.9788,0.0,0.0,0.0885,-0.0097,1.0]},{"frame":95,"values":[0.9969,0.0778,-0.0076,0.0,-0.0773,0.9658,-0.2475,0.0,-0.012,0.2473,0.9689,0.0,0.0,0.0885,-0.0097,1.0]},{"frame":96,"values":[0.9977,0.0658,0.0152,0.0,-0.0601,0.967,-0.2474,0.0,-0.031,0.246,0.9688,0.0,0.0,0.0885,-0.0097,1.0]},{"frame":97,"values":[0.9976,0.0686,0.0095,0.0,-0.0645,0.9698,-0.2352,0.0,-0.0254,0.234,0.9719,0.0,0.0,0.0885,-0.0097,1.0]},{"frame":98,"values":[0.9983,0.0577,-0.0013,0.0,-0.0565,0.9723,-0.2267,0.0,-0.0118,0.2264,0.974,0.0,0.0,0.0885,-0.0097,1.0]},{"frame":99,"values":[0.9987,0.0506,0.0024,0.0,-0.0488,0.974,-0.2214,0.0,-0.0136,0.221,0.9752,0.0,0.0,0.0885,-0.0097,1.0]},{"frame":100,"values":[0.9985,0.0548,0.0096,0.0,-0.0513,0.9741,-0.2202,0.0,-0.0215,0.2194,0.9754,0.0,0.0,0.0885,-0.0097,1.0]},{"frame":101,"values":[0.999,0.0438,-0.0064,0.0,-0.0441,0.9741,-0.2219,0.0,-0.0035,0.2219,0.9751,0.0,0.0,0.0885,-0.0097,1.0]},{"frame":102,"values":[0.9988,0.0471,-0.0091,0.0,-0.048,0.9734,-0.2239,0.0,-0.0017,0.2241,0.9746,0.0,0.0,0.0885,-0.0097,1.0]},{"frame":103,"values":[0.9983,0.0575,-0.0123,0.0,-0.0588,0.9724,-0.2257,0.0,-0.001,0.226,0.9741,0.0,0.0,0.0885,-0.0097,1.0]},{"frame":104,"values":[0.9979,0.0575,-0.0306,0.0,-0.0628,0.9729,-0.2224,0.0,0.017,0.2239,0.9745,0.0,0.0,0.0885,-0.0097,1.0]},{"frame":105,"values":[0.9973,0.0522,-0.0517,0.0,-0.0622,0.9746,-0.2153,0.0,0.0392,0.2179,0.9752,0.0,0.0,0.0885,-0.0097,1.0]},{"frame":106,"values":[0.9966,0.0466,-0.0685,0.0,-0.06,0.9759,-0.2099,0.0,0.057,0.2133,0.9753,0.0,0.0,0.0885,-0.0097,1.0]},{"frame":107,"values":[0.9963,0.038,-0.0771,0.0,-0.0529,0.978,-0.2016,0.0,0.0677,0.2049,0.9764,0.0,0.0,0.0885,-0.0097,1.0]},{"frame":108,"values":[0.9964,0.0309,-0.0786,0.0,-0.0458,0.9797,-0.1953,0.0,0.071,0.1982,0.9776,0.0,0.0,0.0885,-0.0097,1.0]},{"frame":109,"values":[0.9969,0.0214,-0.0756,0.0,-0.035,0.9825,-0.1832,0.0,0.0704,0.1853,0.9802,0.0,0.0,0.0885,-0.0097,1.0]},{"frame":110,"values":[0.9975,0.0145,-0.0697,0.0,-0.0264,0.9847,-0.1723,0.0,0.0661,0.1737,0.9826,0.0,0.0,0.0885,-0.0097,1.0]},{"frame":111,"values":[0.9979,0.0152,-0.0631,0.0,-0.0254,0.986,-0.1649,0.0,0.0597,0.1662,0.9843,0.0,0.0,0.0885,-0.0097,1.0]},{"frame":112,"values":[0.9982,0.0208,-0.0564,0.0,-0.0299,0.9858,-0.165,0.0,0.0522,0.1663,0.9847,0.0,0.0,0.0885,-0.0097,1.0]},{"frame":113,"values":[0.9986,0.022,-0.0472,0.0,-0.029,0.9878,-0.1531,0.0,0.0433,0.1542,0.9871,0.0,0.0,0.0885,-0.0097,1.0]},{"frame":114,"values":[0.9989,0.023,-0.0402,0.0,-0.0285,0.9894,-0.1423,0.0,0.0365,0.1433,0.989,0.0,0.0,0.0885,-0.0097,1.0]},{"frame":115,"values":[0.9991,0.0224,-0.035,0.0,-0.0266,0.9915,-0.1272,0.0,0.0319,0.128,0.9913,0.0,0.0,0.0885,-0.0097,1.0]},{"frame":116,"values":[0.9993,0.0308,-0.0233,0.0,-0.0333,0.9929,-0.1143,0.0,0.0197,0.115,0.9932,0.0,0.0,0.0885,-0.0097,1.0]},{"frame":117,"values":[0.999,0.0338,-0.0284,0.0,-0.0366,0.9937,-0.1062,0.0,0.0247,0.1072,0.9939,0.0,0.0,0.0885,-0.0097,1.0]},{"frame":118,"values":[0.9985,0.0282,-0.046,0.0,-0.0326,0.9945,-0.0992,0.0,0.043,0.1005,0.994,0.0,0.0,0.0885,-0.0097,1.0]},{"frame":119,"values":[0.9989,0.0122,-0.0455,0.0,-0.0169,0.9944,-0.1039,0.0,0.044,0.1045,0.9935,0.0,0.0,0.0885,-0.0097,1.0]},{"frame":120,"values":[0.9997,-0.0028,-0.0246,0.0,0.0002,0.9943,-0.1069,0.0,0.0248,0.1069,0.994,0.0,0.0,0.0885,-0.0097,1.0]},{"frame":121,"values":[0.9999,-0.0094,-0.0064,0.0,0.0088,0.996,-0.0888,0.0,0.0072,0.0888,0.996,0.0,0.0,0.0885,-0.0097,1.0]},{"frame":122,"values":[0.9999,-0.0094,-0.0034,0.0,0.0091,0.9961,-0.0875,0.0,0.0042,0.0874,0.9962,0.0,0.0,0.0885,-0.0097,1.0]},{"frame":123,"values":[0.9998,-0.017,-0.007,0.0,0.0163,0.9958,-0.0898,0.0,0.0085,0.0897,0.9959,0.0,0.0,0.0885,-0.0097,1.0]},{"frame":124,"values":[0.9997,-0.0221,-0.0078,0.0,0.0213,0.9955,-0.0919,0.0,0.0098,0.0917,0.9957,0.0,0.0,0.0885,-0.0097,1.0]},{"frame":125,"values":[0.9998,-0.0196,-0.0076,0.0,0.0188,0.9953,-0.0953,0.0,0.0094,0.0952,0.9954,0.0,0.0,0.0885,-0.0097,1.0]},{"frame":126,"values":[0.9998,-0.0157,-0.0087,0.0,0.0148,0.9951,-0.0976,0.0,0.0102,0.0974,0.9952,0.0,0.0,0.0885,-0.0097,1.0]},{"frame":127,"values":[0.9999,-0.0116,-0.0127,0.0,0.0102,0.9948,-0.1014,0.0,0.0138,0.1012,0.9948,0.0,0.0,0.0885,-0.0097,1.0]},{"frame":128,"values":[0.9998,-0.0079,-0.0177,0.0,0.0059,0.9943,-0.1061,0.0,0.0184,0.1059,0.9942,0.0,0.0,0.0885,-0.0097,1.0]},{"frame":129,"values":[0.9997,-0.0045,-0.0224,0.0,0.002,0.994,-0.1093,0.0,0.0228,0.1092,0.9938,0.0,0.0,0.0885,-0.0097,1.0]},{"frame":130,"values":[0.9996,-0.0015,-0.027,0.0,-0.0015,0.9936,-0.1127,0.0,0.027,0.1127,0.9933,0.0,0.0,0.0885,-0.0097,1.0]},{"frame":131,"values":[0.9996,0.0017,-0.0297,0.0,-0.0051,0.9933,-0.1152,0.0,0.0293,0.1153,0.9929,0.0,0.0,0.0885,-0.0097,1.0]},{"frame":132,"values":[0.9995,0.0029,-0.0314,0.0,-0.0065,0.9932,-0.116,0.0,0.0308,0.1161,0.9928,0.0,0.0,0.0885,-0.0097,1.0]},{"frame":133,"values":[0.9995,0.0031,-0.0322,0.0,-0.0068,0.9933,-0.1154,0.0,0.0316,0.1156,0.9928,0.0,0.0,0.0885,-0.0097,1.0]},{"frame":134,"values":[0.9995,0.0021,-0.0319,0.0,-0.0057,0.9935,-0.1138,0.0,0.0314,0.114,0.993,0.0,0.0,0.0885,-0.0097,1.0]},{"frame":135,"values":[0.9995,0.0003,-0.0304,0.0,-0.0037,0.9937,-0.1123,0.0,0.0302,0.1124,0.9932,0.0,0.0,0.0885,-0.0097,1.0]},{"frame":136,"values":[0.9996,-0.0018,-0.0286,0.0,-0.0014,0.9937,-0.1117,0.0,0.0286,0.1117,0.9933,0.0,0.0,0.0885,-0.0097,1.0]},{"frame":137,"values":[0.9997,-0.0039,-0.0261,0.0,0.001,0.9938,-0.1107,0.0,0.0264,0.1107,0.9935,0.0,0.0,0.0885,-0.0097,1.0]},{"frame":138,"values":[0.9997,-0.0058,-0.0241,0.0,0.0031,0.9939,-0.11,0.0,0.0246,0.1099,0.9936,0.0,0.0,0.0885,-0.0097,1.0]},{"frame":139,"values":[0.9997,-0.007,-0.0227,0.0,0.0044,0.9939,-0.1098,0.0,0.0234,0.1097,0.9937,0.0,0.0,0.0885,-0.0097,1.0]},{"frame":140,"values":[0.9997,-0.0071,-0.0221,0.0,0.0047,0.994,-0.1096,0.0,0.0228,0.1095,0.9937,0.0,0.0,0.0885,-0.0097,1.0]}]},"targetId":"A5B42437-47A0-0D12-F90A-8FB92C54B321-bone"},{"animation":{"name":"mixamorig:Spine1Animation","property":"_matrix","dataType":3,"enableBlending":false,"blendingSpeed":0.01,"loopBehavior":1,"framePerSecond":30,"keys":[{"frame":74,"values":[0.9989,0.0382,0.0282,0.0,-0.0376,0.999,-0.0221,0.0,-0.0291,0.0211,0.9994,0.0,0.0,0.1039,0.0,1.0]},{"frame":75,"values":[0.9989,0.0425,0.0194,0.0,-0.042,0.9988,-0.0263,0.0,-0.0205,0.0255,0.9995,0.0,0.0,0.1039,0.0,1.0]},{"frame":76,"values":[0.9986,0.0535,-0.0029,0.0,-0.0536,0.9979,-0.0368,0.0,0.0009,0.0369,0.9993,0.0,0.0,0.1039,0.0,1.0]},{"frame":77,"values":[0.9971,0.0684,-0.0319,0.0,-0.07,0.9963,-0.0507,0.0,0.0283,0.0528,0.9982,0.0,0.0,0.1039,0.0,1.0]},{"frame":78,"values":[0.9945,0.0847,-0.0611,0.0,-0.0887,0.9939,-0.0651,0.0,0.0552,0.0702,0.996,0.0,0.0,0.1039,0.0,1.0]},{"frame":79,"values":[0.9914,0.1008,-0.0833,0.0,-0.1073,0.9912,-0.0774,0.0,0.0748,0.0857,0.9935,0.0,0.0,0.1039,0.0,1.0]},{"frame":80,"values":[0.9891,0.1157,-0.0915,0.0,-0.1235,0.9887,-0.085,0.0,0.0806,0.0954,0.9922,0.0,0.0,0.1039,0.0,1.0]},{"frame":81,"values":[0.9898,0.1268,-0.0642,0.0,-0.132,0.9877,-0.0842,0.0,0.0527,0.0918,0.9944,0.0,0.0,0.1039,0.0,1.0]},{"frame":82,"values":[0.9907,0.1347,-0.0186,0.0,-0.1356,0.9884,-0.069,0.0,0.0091,0.0709,0.9974,0.0,0.0,0.1039,0.0,1.0]},{"frame":83,"values":[0.9902,0.1385,0.0155,0.0,-0.1376,0.9893,-0.0494,0.0,-0.0222,0.0468,0.9987,0.0,0.0,0.1039,0.0,1.0]},{"frame":84,"values":[0.9924,0.1205,0.0241,0.0,-0.1201,0.9926,-0.0168,0.0,-0.026,0.0137,0.9996,0.0,0.0,0.1039,0.0,1.0]},{"frame":85,"values":[0.9942,0.1041,0.0274,0.0,-0.1047,0.9942,0.0233,0.0,-0.0248,-0.0261,0.9994,0.0,0.0,0.1039,0.0,1.0]},{"frame":86,"values":[0.996,0.0886,0.0119,0.0,-0.089,0.9953,0.0375,0.0,-0.0085,-0.0384,0.9992,0.0,0.0,0.1039,0.0,1.0]},{"frame":87,"values":[0.9972,0.0747,0.0056,0.0,-0.0748,0.997,0.0218,0.0,-0.004,-0.0221,0.9997,0.0,0.0,0.1039,0.0,1.0]},{"frame":88,"values":[0.9983,0.0589,-0.0006,0.0,-0.0589,0.9982,-0.0092,0.0,0.0001,0.0093,1.0,0.0,0.0,0.1039,0.0,1.0]},{"frame":89,"values":[0.9987,0.0508,-0.0061,0.0,-0.0511,0.9976,-0.0475,0.0,0.0037,0.0478,0.9989,0.0,0.0,0.1039,0.0,1.0]},{"frame":90,"values":[0.9987,0.0508,0.0024,0.0,-0.0504,0.9956,-0.0786,0.0,-0.0064,0.0784,0.9969,0.0,0.0,0.1039,0.0,1.0]},{"frame":91,"values":[0.9985,0.0514,0.0172,0.0,-0.0493,0.993,-0.1072,0.0,-0.0226,0.1061,0.9941,0.0,0.0,0.1039,0.0,1.0]},{"frame":92,"values":[0.9981,0.0539,0.0288,0.0,-0.0498,0.9904,-0.1291,0.0,-0.0355,0.1274,0.9912,0.0,0.0,0.1039,0.0,1.0]},{"frame":93,"values":[0.9972,0.0657,0.0347,0.0,-0.0597,0.9865,-0.1527,0.0,-0.0442,0.1502,0.9877,0.0,0.0,0.1039,0.0,1.0]},{"frame":94,"values":[0.997,0.0769,0.0076,0.0,-0.0743,0.9806,-0.1812,0.0,-0.0214,0.1801,0.9834,0.0,0.0,0.1039,0.0,1.0]},{"frame":95,"values":[0.9983,0.0434,0.0384,0.0,-0.0318,0.9641,-0.2635,0.0,-0.0484,0.2619,0.9639,0.0,0.0,0.1039,0.0,1.0]},{"frame":96,"values":[0.9982,0.0305,0.0522,0.0,-0.0156,0.9642,-0.2646,0.0,-0.0584,0.2633,0.963,0.0,0.0,0.1039,0.0,1.0]},{"frame":97,"values":[0.9975,0.0668,0.0245,0.0,-0.0573,0.9588,-0.2781,0.0,-0.0421,0.276,0.9602,0.0,0.0,0.1039,0.0,1.0]},{"frame":98,"values":[0.9956,0.0931,-0.0089,0.0,-0.0917,0.954,-0.2855,0.0,-0.0181,0.2851,0.9583,0.0,0.0,0.1039,0.0,1.0]},{"frame":99,"values":[0.9939,0.1105,0.0018,0.0,-0.1059,0.9567,-0.2712,0.0,-0.0317,0.2694,0.9625,0.0,0.0,0.1039,0.0,1.0]},{"frame":100,"values":[0.9916,0.1279,0.0185,0.0,-0.1176,0.952,-0.2825,0.0,-0.0538,0.2779,0.9591,0.0,0.0,0.1039,0.0,1.0]},{"frame":101,"values":[0.9953,0.0938,-0.025,0.0,-0.097,0.952,-0.2902,0.0,-0.0034,0.2913,0.9566,0.0,0.0,0.1039,0.0,1.0]},{"frame":102,"values":[0.996,0.0792,-0.0417,0.0,-0.0881,0.9501,-0.2993,0.0,0.0159,0.3018,0.9532,0.0,0.0,0.1039,0.0,1.0]},{"frame":103,"values":[0.9946,0.0936,-0.0451,0.0,-0.103,0.9465,-0.306,0.0,0.014,0.309,0.951,0.0,0.0,0.1039,0.0,1.0]},{"frame":104,"values":[0.9912,0.1061,-0.0786,0.0,-0.1255,0.9417,-0.3123,0.0,0.0409,0.3194,0.9467,0.0,0.0,0.1039,0.0,1.0]},{"frame":105,"values":[0.9878,0.1003,-0.1191,0.0,-0.1319,0.9454,-0.2979,0.0,0.0828,0.31,0.9471,0.0,0.0,0.1039,0.0,1.0]},{"frame":106,"values":[0.9841,0.092,-0.1517,0.0,-0.1334,0.9475,-0.2907,0.0,0.117,0.3063,0.9447,0.0,0.0,0.1039,0.0,1.0]},{"frame":107,"values":[0.9822,0.0795,-0.1704,0.0,-0.1252,0.9525,-0.2775,0.0,0.1403,0.2939,0.9455,0.0,0.0,0.1039,0.0,1.0]},{"frame":108,"values":[0.9821,0.0694,-0.1754,0.0,-0.1155,0.9564,-0.2684,0.0,0.1491,0.2838,0.9472,0.0,0.0,0.1039,0.0,1.0]},{"frame":109,"values":[0.9832,0.0594,-0.1728,0.0,-0.1019,0.9632,-0.2487,0.0,0.1516,0.2621,0.953,0.0,0.0,0.1039,0.0,1.0]},{"frame":110,"values":[0.9851,0.05,-0.1645,0.0,-0.0878,0.969,-0.2309,0.0,0.1479,0.2419,0.959,0.0,0.0,0.1039,0.0,1.0]},{"frame":111,"values":[0.9871,0.0477,-0.1531,0.0,-0.0807,0.9727,-0.2175,0.0,0.1385,0.227,0.964,0.0,0.0,0.1039,0.0,1.0]},{"frame":112,"values":[0.989,0.0525,-0.1381,0.0,-0.0808,0.9747,-0.2083,0.0,0.1237,0.2172,0.9683,0.0,0.0,0.1039,0.0,1.0]},{"frame":113,"values":[0.9908,0.0602,-0.1213,0.0,-0.0831,0.9776,-0.1936,0.0,0.1069,0.2019,0.9735,0.0,0.0,0.1039,0.0,1.0]},{"frame":114,"values":[0.9924,0.0642,-0.1051,0.0,-0.0817,0.9818,-0.1716,0.0,0.0921,0.1789,0.9795,0.0,0.0,0.1039,0.0,1.0]},{"frame":115,"values":[0.9939,0.0636,-0.0903,0.0,-0.076,0.987,-0.1413,0.0,0.0801,0.1473,0.9858,0.0,0.0,0.1039,0.0,1.0]},{"frame":116,"values":[0.9955,0.0745,-0.0591,0.0,-0.081,0.9899,-0.1161,0.0,0.0499,0.1203,0.9915,0.0,0.0,0.1039,0.0,1.0]},{"frame":117,"values":[0.9956,0.0762,-0.0541,0.0,-0.0817,0.9907,-0.1091,0.0,0.0453,0.113,0.9926,0.0,0.0,0.1039,0.0,1.0]},{"frame":118,"values":[0.9944,0.0875,-0.0598,0.0,-0.0932,0.9906,-0.1006,0.0,0.0504,0.1056,0.9931,0.0,0.0,0.1039,0.0,1.0]},{"frame":119,"values":[0.9968,0.0508,-0.0615,0.0,-0.0575,0.9921,-0.1115,0.0,0.0553,0.1147,0.9919,0.0,0.0,0.1039,0.0,1.0]},{"frame":120,"values":[0.9992,0.0217,-0.0328,0.0,-0.0249,0.9946,-0.1003,0.0,0.0305,0.101,0.9944,0.0,0.0,0.1039,0.0,1.0]},{"frame":121,"values":[0.9999,-0.0046,-0.0138,0.0,0.0038,0.9984,-0.0565,0.0,0.014,0.0565,0.9983,0.0,0.0,0.1039,0.0,1.0]},{"frame":122,"values":[0.9995,-0.0285,-0.0162,0.0,0.028,0.9992,-0.03,0.0,0.0171,0.0295,0.9994,0.0,0.0,0.1039,0.0,1.0]},{"frame":123,"values":[0.999,-0.0379,-0.0222,0.0,0.0369,0.9984,-0.0434,0.0,0.0238,0.0426,0.9988,0.0,0.0,0.1039,0.0,1.0]},{"frame":124,"values":[0.9988,-0.0446,-0.0216,0.0,0.0435,0.998,-0.0458,0.0,0.0236,0.0448,0.9987,0.0,0.0,0.1039,0.0,1.0]},{"frame":125,"values":[0.9988,-0.0457,-0.02,0.0,0.0446,0.9977,-0.0512,0.0,0.0223,0.0502,0.9985,0.0,0.0,0.1039,0.0,1.0]},{"frame":126,"values":[0.9989,-0.0414,-0.0228,0.0,0.0399,0.9974,-0.0606,0.0,0.0253,0.0597,0.9979,0.0,0.0,0.1039,0.0,1.0]},{"frame":127,"values":[0.999,-0.0345,-0.0282,0.0,0.0325,0.997,-0.0705,0.0,0.0306,0.0695,0.9971,0.0,0.0,0.1039,0.0,1.0]},{"frame":128,"values":[0.9991,-0.0273,-0.0338,0.0,0.0245,0.9964,-0.0815,0.0,0.0359,0.0806,0.9961,0.0,0.0,0.1039,0.0,1.0]},{"frame":129,"values":[0.9991,-0.019,-0.0392,0.0,0.0152,0.9956,-0.0927,0.0,0.0408,0.092,0.9949,0.0,0.0,0.1039,0.0,1.0]},{"frame":130,"values":[0.999,-0.011,-0.0436,0.0,0.0065,0.9948,-0.1013,0.0,0.0445,0.1009,0.9939,0.0,0.0,0.1039,0.0,1.0]},{"frame":131,"values":[0.9989,-0.0048,-0.0464,0.0,-0.0002,0.9943,-0.1067,0.0,0.0466,0.1066,0.9932,0.0,0.0,0.1039,0.0,1.0]},{"frame":132,"values":[0.9988,-0.0016,-0.0481,0.0,-0.0035,0.9943,-0.1068,0.0,0.048,0.1069,0.9931,0.0,0.0,0.1039,0.0,1.0]},{"frame":133,"values":[0.9988,-0.0004,-0.0494,0.0,-0.0047,0.9945,-0.1049,0.0,0.0491,0.105,0.9933,0.0,0.0,0.1039,0.0,1.0]},{"frame":134,"values":[0.9988,-0.0012,-0.0494,0.0,-0.0038,0.9949,-0.1011,0.0,0.0493,0.1011,0.9937,0.0,0.0,0.1039,0.0,1.0]},{"frame":135,"values":[0.9989,-0.0043,-0.0476,0.0,-0.0003,0.9953,-0.0969,0.0,0.0478,0.0968,0.9942,0.0,0.0,0.1039,0.0,1.0]},{"frame":136,"values":[0.9989,-0.0095,-0.0452,0.0,0.0052,0.9956,-0.093,0.0,0.0459,0.0927,0.9946,0.0,0.0,0.1039,0.0,1.0]},{"frame":137,"values":[0.999,-0.015,-0.0421,0.0,0.0112,0.996,-0.0892,0.0,0.0432,0.0886,0.9951,0.0,0.0,0.1039,0.0,1.0]},{"frame":138,"values":[0.999,-0.0196,-0.0396,0.0,0.0161,0.9961,-0.0864,0.0,0.0412,0.0857,0.9955,0.0,0.0,0.1039,0.0,1.0]},{"frame":139,"values":[0.999,-0.0223,-0.038,0.0,0.019,0.9962,-0.0849,0.0,0.0397,0.0841,0.9957,0.0,0.0,0.1039,0.0,1.0]},{"frame":140,"values":[0.999,-0.0229,-0.0373,0.0,0.0197,0.9962,-0.0847,0.0,0.0391,0.0839,0.9957,0.0,0.0,0.1039,0.0,1.0]}]},"targetId":"F9ABA4C8-4704-0876-DBFE-8FAB1C9F94F3-bone"},{"animation":{"name":"mixamorig:Spine2Animation","property":"_matrix","dataType":3,"enableBlending":false,"blendingSpeed":0.01,"loopBehavior":1,"framePerSecond":30,"keys":[{"frame":74,"values":[1.9992,0.0317,0.0489,0.0,-0.0315,1.9997,-0.0081,0.0,-0.0491,0.0073,1.9994,0.0,0.0,0.1187,0.0,1.0]},{"frame":75,"values":[1.9993,0.0417,0.032,0.0,-0.0414,1.9995,-0.0178,0.0,-0.0323,0.0172,1.9997,0.0,0.0,0.1187,0.0,1.0]},{"frame":76,"values":[1.9988,0.0676,-0.0106,0.0,-0.0679,1.9984,-0.0424,0.0,0.0092,0.0427,1.9995,0.0,0.0,0.1187,0.0,1.0]},{"frame":77,"values":[1.9962,0.1029,-0.0663,0.0,-0.1054,1.9958,-0.075,0.0,0.0624,0.0784,1.9975,0.0,0.0,0.1187,0.0,1.0]},{"frame":78,"values":[1.9912,0.1421,-0.1223,0.0,-0.1488,1.9915,-0.109,0.0,0.1141,0.1176,1.9933,0.0,0.0,0.1187,0.0,1.0]},{"frame":79,"values":[1.9849,0.1813,-0.165,0.0,-0.1928,1.9859,-0.1379,0.0,0.1513,0.1528,1.9884,0.0,0.0,0.1187,0.0,1.0]},{"frame":80,"values":[1.9799,0.218,-0.1799,0.0,-0.2322,1.9803,-0.1559,0.0,0.1611,0.1752,1.9858,0.0,0.0,0.1187,0.0,1.0]},{"frame":81,"values":[1.9808,0.2466,-0.1253,0.0,-0.256,1.9774,-0.1558,0.0,0.1046,0.1703,1.99,0.0,0.0,0.1187,0.0,1.0]},{"frame":82,"values":[1.9816,0.268,-0.0364,0.0,-0.2699,1.9773,-0.1315,0.0,0.0184,0.1352,1.9953,0.0,0.0,0.1187,0.0,1.0]},{"frame":83,"values":[1.9805,0.277,0.031,0.0,-0.2752,1.9785,-0.0988,0.0,-0.0443,0.0936,1.9973,0.0,0.0,0.1187,0.0,1.0]},{"frame":84,"values":[1.9848,0.241,0.0483,0.0,-0.2402,1.9852,-0.0335,0.0,-0.052,0.0275,1.9991,0.0,0.0,0.1187,0.0,1.0]},{"frame":85,"values":[1.9884,0.2081,0.0548,0.0,-0.2094,1.9885,0.0467,0.0,-0.0496,-0.0521,1.9987,0.0,0.0,0.1187,0.0,1.0]},{"frame":86,"values":[1.992,0.1773,0.0238,0.0,-0.1781,1.9906,0.075,0.0,-0.0171,-0.0768,1.9985,0.0,0.0,0.1187,0.0,1.0]},{"frame":87,"values":[1.9944,0.1494,0.0113,0.0,-0.1496,1.9939,0.0435,0.0,-0.008,-0.0442,1.9995,0.0,0.0,0.1187,0.0,1.0]},{"frame":88,"values":[1.9965,0.1178,-0.0013,0.0,-0.1178,1.9964,-0.0185,0.0,0.0002,0.0185,1.9999,0.0,0.0,0.1187,0.0,1.0]},{"frame":89,"values":[1.9974,0.1017,-0.0123,0.0,-0.1021,1.9951,-0.0951,0.0,0.0074,0.0956,1.9977,0.0,0.0,0.1187,0.0,1.0]},{"frame":90,"values":[1.9974,0.1016,0.0049,0.0,-0.1009,1.9913,-0.1573,0.0,-0.0129,0.1568,1.9938,0.0,0.0,0.1187,0.0,1.0]},{"frame":91,"values":[1.9971,0.1028,0.0345,0.0,-0.0985,1.986,-0.2143,0.0,-0.0452,0.2123,1.9882,0.0,0.0,0.1187,0.0,1.0]},{"frame":92,"values":[1.9963,0.1078,0.0575,0.0,-0.0996,1.9808,-0.2582,0.0,-0.0709,0.2549,1.9824,0.0,0.0,0.1187,0.0,1.0]},{"frame":93,"values":[1.9945,0.1314,0.0692,0.0,-0.1194,1.9729,-0.3053,0.0,-0.0883,0.3004,1.9753,0.0,0.0,0.1187,0.0,1.0]},{"frame":94,"values":[1.994,0.1539,0.0154,0.0,-0.1485,1.9613,-0.3625,0.0,-0.043,0.3602,1.9668,0.0,0.0,0.1187,0.0,1.0]},{"frame":95,"values":[1.997,0.0867,0.066,0.0,-0.0662,1.9278,-0.5284,0.0,-0.0865,0.5254,1.9278,0.0,0.0,0.1187,0.0,1.0]},{"frame":96,"values":[1.9966,0.0601,0.0993,0.0,-0.0316,1.9282,-0.5301,0.0,-0.1117,0.5276,1.9259,0.0,0.0,0.1187,0.0,1.0]},{"frame":97,"values":[1.9949,0.1338,0.0496,0.0,-0.1148,1.9177,-0.5561,0.0,-0.0847,0.5518,1.9205,0.0,0.0,0.1187,0.0,1.0]},{"frame":98,"values":[1.9916,0.1827,-0.007,0.0,-0.1771,1.9081,-0.5726,0.0,-0.0457,0.5708,1.9163,0.0,0.0,0.1187,0.0,1.0]},{"frame":99,"values":[1.9881,0.2169,0.0214,0.0,-0.2029,1.9138,-0.5441,0.0,-0.0794,0.5387,1.9244,0.0,0.0,0.1187,0.0,1.0]},{"frame":100,"values":[1.9833,0.2517,0.0558,0.0,-0.2258,1.9049,-0.5659,0.0,-0.1243,0.5549,1.9174,0.0,0.0,0.1187,0.0,1.0]},{"frame":101,"values":[1.9917,0.1801,-0.0284,0.0,-0.1806,1.9043,-0.584,0.0,-0.0255,0.5842,1.9126,0.0,0.0,0.1187,0.0,1.0]},{"frame":102,"values":[1.9936,0.1498,-0.0548,0.0,-0.1594,1.9,-0.6038,0.0,0.0068,0.6063,1.9059,0.0,0.0,0.1187,0.0,1.0]},{"frame":103,"values":[1.9912,0.1772,-0.0596,0.0,-0.1869,1.8928,-0.6183,0.0,0.0016,0.6212,1.9011,0.0,0.0,0.1187,0.0,1.0]},{"frame":104,"values":[1.987,0.1947,-0.1183,0.0,-0.2224,1.8826,-0.6374,0.0,0.0493,0.6464,1.892,0.0,0.0,0.1187,0.0,1.0]},{"frame":105,"values":[1.9822,0.1748,-0.2007,0.0,-0.2289,1.8892,-0.6151,0.0,0.1358,0.6326,1.8925,0.0,0.0,0.1187,0.0,1.0]},{"frame":106,"values":[1.9762,0.1503,-0.2682,0.0,-0.2261,1.8927,-0.6054,0.0,0.2083,0.6285,1.8872,0.0,0.0,0.1187,0.0,1.0]},{"frame":107,"values":[1.9725,0.1202,-0.3077,0.0,-0.2065,1.9026,-0.581,0.0,0.2578,0.6048,1.8888,0.0,0.0,0.1187,0.0,1.0]},{"frame":108,"values":[1.9717,0.0982,-0.3205,0.0,-0.1865,1.9104,-0.5618,0.0,0.2786,0.5838,1.8925,0.0,0.0,0.1187,0.0,1.0]},{"frame":109,"values":[1.9726,0.078,-0.3203,0.0,-0.1605,1.9245,-0.52,0.0,0.2879,0.5386,1.9045,0.0,0.0,0.1187,0.0,1.0]},{"frame":110,"values":[1.9752,0.0607,-0.308,0.0,-0.1345,1.9366,-0.4812,0.0,0.2836,0.496,1.9167,0.0,0.0,0.1187,0.0,1.0]},{"frame":111,"values":[1.9781,0.0587,-0.289,0.0,-0.1237,1.9444,-0.4515,0.0,0.2678,0.4644,1.9268,0.0,0.0,0.1187,0.0,1.0]},{"frame":112,"values":[1.981,0.0733,-0.2648,0.0,-0.1295,1.949,-0.4295,0.0,0.2424,0.4425,1.9353,0.0,0.0,0.1187,0.0,1.0]},{"frame":113,"values":[1.9845,0.0906,-0.2317,0.0,-0.1359,1.955,-0.3996,0.0,0.2084,0.4123,1.9459,0.0,0.0,0.1187,0.0,1.0]},{"frame":114,"values":[1.9873,0.1022,-0.2005,0.0,-0.1367,1.9636,-0.3545,0.0,0.1787,0.3659,1.9581,0.0,0.0,0.1187,0.0,1.0]},{"frame":115,"values":[1.9899,0.1043,-0.1715,0.0,-0.1287,1.9742,-0.2931,0.0,0.154,0.3026,1.971,0.0,0.0,0.1187,0.0,1.0]},{"frame":116,"values":[1.9926,0.1323,-0.1102,0.0,-0.1448,1.9802,-0.2405,0.0,0.0932,0.2476,1.9824,0.0,0.0,0.1187,0.0,1.0]},{"frame":117,"values":[1.9929,0.1356,-0.1,0.0,-0.1462,1.9817,-0.2266,0.0,0.0837,0.2331,1.9846,0.0,0.0,0.1187,0.0,1.0]},{"frame":118,"values":[1.9908,0.1554,-0.1127,0.0,-0.1667,1.9818,-0.2118,0.0,0.0952,0.2202,1.9856,0.0,0.0,0.1187,0.0,1.0]},{"frame":119,"values":[1.9952,0.0833,-0.1098,0