{"producer":{"name":"Maya","version":"2018","exporter_version":"Custom.Build.Version","file":"animation_run.babylon"},"autoClear":true,"clearColor":[0.2,0.2,0.3],"ambientColor":[0.0,0.0,0.0],"fogMode":0,"fogColor":null,"fogStart":0.0,"fogEnd":0.0,"fogDensity":0.0,"gravity":[0.0,0.0,-0.9],"physicsEngine":null,"physicsEnabled":false,"physicsGravity":null,"meshes":[{"materialId":null,"isEnabled":true,"isVisible":true,"positions":null,"normals":null,"tangents":null,"uvs":null,"uvs2":null,"colors":null,"hasVertexAlpha":false,"matricesIndices":null,"matricesWeights":null,"matricesIndicesExtra":null,"matricesWeightsExtra":null,"indices":null,"receiveShadows":false,"infiniteDistance":false,"billboardMode":0,"visibility":1.0,"subMeshes":null,"instances":null,"skeletonId":0,"numBoneInfluencers":4,"applyFog":false,"lodMeshIds":null,"lodDistances":null,"lodCoverages":null,"rotation":null,"scaling":[100.0,100.0,100.0],"rotationQuaternion":[0.7071,0.0,0.0,0.7071],"actions":null,"checkCollisions":false,"pickable":true,"showBoundingBox":false,"showSubMeshesBoundingBox":false,"alphaIndex":0,"physicsImpostor":0,"physicsMass":0.0,"physicsFriction":0.0,"physicsRestitution":0.0,"name":"elf","id":"D9314A40-4F30-D73A-F3EF-1BADA4D84E51","parentId":null,"position":[0.0,0.0,0.0],"animations":null,"autoAnimate":true,"autoAnimateFrom":0,"autoAnimateTo":140,"autoAnimateLoop":true,"metadata":{"UDP3DSMAX":"MapChannel:1 = UVChannel_1&cr;&lf;babylonjs_noexport = False&cr;&lf;babylonjs_checkcollisions = False&cr;&lf;babylonjs_checkpickable = False&cr;&lf;babylonjs_optimizevertices = False&cr;&lf;babylonjs_showboundingbox = False&cr;&lf;babylonjs_showsubmeshesboundingbox = False&cr;&lf;babylonjs_autoanimate = True&cr;&lf;babylonjs_autoanimateloop = True&cr;&lf;babylonjs_autoanimate_from = 0,000000&cr;&lf;babylonjs_autoanimate_to = 140,000000&cr;&lf;babylonjs_alphaindex = 1000,000000&cr;&lf;babylonjs_mass = 0,000000&cr;&lf;babylonjs_friction = 0,200000&cr;&lf;babylonjs_restitution = 0,200000&cr;&lf;babylonjs_impostor = None&cr;&lf;babylonjs_sound_autoplay = True&cr;&lf;babylonjs_sound_loop = True&cr;&lf;babylonjs_sound_volume = 1,000000&cr;&lf;babylonjs_sound_playbackrate = 1,000000&cr;&lf;babylonjs_sound_distancemodel = linear&cr;&lf;babylonjs_sound_maxdistance = 100,000000&cr;&lf;babylonjs_sound_rolloff = 1,000000&cr;&lf;babylonjs_sound_refdistance = 1,000000&cr;&lf;babylonjs_sound_directional = False&cr;&lf;babylonjs_sound_coneinnerangle = 360,000000&cr;&lf;babylonjs_sound_coneouterangle = 360,000000&cr;&lf;babylonjs_sound_coneoutergain = 1,000000&cr;&lf;babylonjs_sound_filename = &cr;&lf;","MaxHandle":1}}],"sounds":[],"materials":[],"multiMaterials":[],"particleSystems":null,"lensFlareSystems":null,"shadowGenerators":[],"skeletons":[{"id":0,"name":"skeleton #0","bones":[{"id":"CE467561-41A3-C041-822B-BA8DCB9290E2-bone","name":"mixamorig:Hips","index":0,"parentBoneIndex":-1,"matrix":[99.9982,0.6003,-0.0219,0.0,-0.6003,99.9982,-0.0105,0.0,0.0219,0.0106,100.0,0.0,0.0,0.0,0.0,1.0],"animation":null,"linkedTransformNodeId":null},{"id":"A5B42437-47A0-0D12-F90A-8FB92C54B321-bone","name":"mixamorig:Spine","index":1,"parentBoneIndex":0,"matrix":[0.9828,0.0277,0.1824,0.0,0.0411,0.931,-0.3627,0.0,-0.1799,0.3639,0.9139,0.0,0.0,0.0885,-0.0097,1.0],"animation":null,"linkedTransformNodeId":null},{"id":"F9ABA4C8-4704-0876-DBFE-8FAB1C9F94F3-bone","name":"mixamorig:Spine1","index":2,"parentBoneIndex":1,"matrix":[0.9985,0.0078,0.054,0.0,-0.0067,0.9998,-0.0202,0.0,-0.0541,0.0198,0.9983,0.0,0.0,0.1039,0.0,1.0],"animation":null,"linkedTransformNodeId":null},{"id":"C3FC375A-4967-0E1D-8FC6-4FBC3A5A5F31-bone","name":"mixamorig:Spine2","index":3,"parentBoneIndex":2,"matrix":[1.9971,0.015,0.1065,0.0,-0.0128,1.9995,-0.0415,0.0,-0.1068,0.0408,1.9967,0.0,0.0,0.1187,0.0,1.0],"animation":null,"linkedTransformNodeId":null},{"id":"F9537909-4769-2211-6376-1F8B568CABF6-bone","name":"mixamorig:Neck","index":4,"parentBoneIndex":3,"matrix":[0.9993,0.0302,-0.0235,0.0,-0.0238,0.9713,0.2366,0.0,0.0299,-0.2359,0.9713,0.0,0.0,0.1336,0.0,1.0],"animation":null,"linkedTransformNodeId":null},{"id":"620A73CD-4710-8919-3BA3-F5996B9F4AE6-bone","name":"mixamorig:Head","index":5,"parentBoneIndex":4,"matrix":[0.9948,-0.0926,0.0424,0.0,0.0665,0.9061,0.4179,0.0,-0.0771,-0.4129,0.9075,0.0,0.0,0.0177,0.007,1.0],"animation":null,"linkedTransformNodeId":null},{"id":"116F25A0-40D8-ED0F-1DAB-A7913E96D8ED-bone","name":"mixamorig:LeftShoulder","index":6,"parentBoneIndex":3,"matrix":[0.0014,0.0075,1.0,0.0,0.926,-0.3775,0.0015,0.0,0.3775,0.926,-0.0075,0.0,0.0503,0.1191,-0.0022,1.0],"animation":null,"linkedTransformNodeId":null},{"id":"5A47A961-4EF0-BCA1-0F44-D59DB29CE39A-bone","name":"mixamorig:LeftArm","index":7,"parentBoneIndex":6,"matrix":[0.747,-0.3144,0.5858,0.0,0.6111,0.6718,-0.4186,0.0,-0.2619,0.6707,0.694,0.0,0.0,0.1002,0.0,1.0],"animation":null,"linkedTransformNodeId":null},{"id":"F765DA4F-4091-A976-B517-58BDAC2C03B2-bone","name":"mixamorig:LeftForeArm","index":8,"parentBoneIndex":7,"matrix":[0.0919,0.6097,-0.7873,0.0,-0.8474,0.4631,0.2597,0.0,0.5229,0.6433,0.5592,0.0,0.0,0.1236,0.0,1.0],"animation":null,"linkedTransformNodeId":null},{"id":"22E0B317-4ED8-7A0E-BDBA-E0AEFA02225B-bone","name":"mixamorig:LeftHand","index":9,"parentBoneIndex":8,"matrix":[1.0,0.0,0.0,0.0,0.0,1.0,0.0,0.0,0.0,0.0,1.0,0.0,0.0,0.2693,0.0,1.0],"animation":null,"linkedTransformNodeId":null},{"id":"784CDF70-493F-ED3C-CF97-DD811A60161F-bone","name":"mixamorig:RightShoulder","index":10,"parentBoneIndex":3,"matrix":[0.221,0.0034,-0.9753,0.0,-0.8669,-0.4575,-0.198,0.0,-0.4469,0.8892,-0.0982,0.0,-0.0503,0.1189,-0.001,1.0],"animation":null,"linkedTransformNodeId":null},{"id":"88701625-4358-9BAF-A8B5-F397BFFAB2D9-bone","name":"mixamorig:RightArm","index":11,"parentBoneIndex":10,"matrix":[0.8392,-0.4174,0.3486,0.0,0.4628,0.8848,-0.0548,0.0,-0.2856,0.2073,0.9357,0.0,0.0,0.1002,0.0,1.0],"animation":null,"linkedTransformNodeId":null},{"id":"8579F167-4B50-5A47-E6EC-FF8E9BB55A99-bone","name":"mixamorig:RightForeArm","index":12,"parentBoneIndex":11,"matrix":[-0.4096,-0.5618,0.7187,0.0,0.8948,-0.094,0.4365,0.0,-0.1777,0.8219,0.5412,0.0,0.0,0.1233,0.0,1.0],"animation":null,"linkedTransformNodeId":null},{"id":"8F68404F-4AC4-835A-1636-728BDBBDCE45-bone","name":"mixamorig:RightHand","index":13,"parentBoneIndex":12,"matrix":[1.0,0.0,0.0,0.0,0.0,1.0,0.0,0.0,0.0,0.0,1.0,0.0,0.0,0.273,0.0,1.0],"animation":null,"linkedTransformNodeId":null},{"id":"5F2FC23F-4708-914F-C40D-8692ABB11CFD-bone","name":"mixamorig:LeftUpLeg","index":14,"parentBoneIndex":0,"matrix":[-0.9458,-0.0902,-0.312,0.0,0.3162,-0.4749,-0.8213,0.0,-0.0741,-0.8754,0.4776,0.0,0.1194,-0.0489,0.0113,1.0],"animation":null,"linkedTransformNodeId":null},{"id":"54F5BA2B-48D6-82BC-3932-A1A9794D4E10-bone","name":"mixamorig:LeftLeg","index":15,"parentBoneIndex":14,"matrix":[1.0,-0.008,0.0005,0.0,-0.0054,-0.6244,0.7811,0.0,-0.0059,-0.7811,-0.6244,0.0,0.0,0.3323,0.0,1.0],"animation":null,"linkedTransformNodeId":null},{"id":"15A0FCEE-4691-396E-A1DD-F2A5BA059CDC-bone","name":"mixamorig:LeftFoot","index":16,"parentBoneIndex":15,"matrix":[0.9721,0.1774,-0.1536,0.0,-0.1804,0.1461,-0.9727,0.0,-0.1501,0.9732,0.174,0.0,0.0,0.2374,0.0,1.0],"animation":null,"linkedTransformNodeId":null},{"id":"BEF25172-441E-B813-BE5C-F8B65E8560D9-bone","name":"mixamorig:LeftToeBase","index":17,"parentBoneIndex":16,"matrix":[0.868,-0.0591,-0.493,0.0,-0.2997,0.7293,-0.615,0.0,0.3959,0.6816,0.6154,0.0,0.0,0.1604,0.0,1.0],"animation":null,"linkedTransformNodeId":null},{"id":"F3CCF400-4706-88C0-0B63-B4896DDEF303-bone","name":"mixamorig:RightUpLeg","index":18,"parentBoneIndex":0,"matrix":[-0.9992,0.0234,-0.0312,0.0,-0.012,-0.946,-0.3241,0.0,-0.0371,-0.3234,0.9455,0.0,-0.1194,-0.0489,0.0071,1.0],"animation":null,"linkedTransformNodeId":null},{"id":"25991DA9-488D-3603-B7EC-DBBB1A79A115-bone","name":"mixamorig:RightLeg","index":19,"parentBoneIndex":18,"matrix":[0.9899,0.0982,-0.1025,0.0,0.0091,0.6765,0.7364,0.0,0.1417,-0.7299,0.6687,0.0,0.0,0.3326,0.0,1.0],"animation":null,"linkedTransformNodeId":null},{"id":"C523D653-4426-3757-A017-E697176CBE0C-bone","name":"mixamorig:RightFoot","index":20,"parentBoneIndex":19,"matrix":[0.9873,0.14,0.0756,0.0,0.0891,-0.0926,-0.9917,0.0,-0.1319,0.9858,-0.1038,0.0,0.0,0.2379,0.0,1.0],"animation":null,"linkedTransformNodeId":null},{"id":"CE3DEAE7-40EF-294F-3999-E982DD6B1E15-bone","name":"mixamorig:RightToeBase","index":21,"parentBoneIndex":20,"matrix":[0.8903,0.1008,0.444,0.0,0.2719,0.6646,-0.696,0.0,-0.3653,0.7404,0.5643,0.0,0.0,0.155,0.0,1.0],"animation":null,"linkedTransformNodeId":null}],"needInitialSkinMatrix":true}],"actions":null,"metadata":null,"workerCollisions":false,"animationGroups":[{"name":"Run","from":0.0,"to":21.0,"targetedAnimations":[{"animation":{"name":"mixamorig:HipsAnimation","property":"_matrix","dataType":3,"enableBlending":false,"blendingSpeed":0.01,"loopBehavior":1,"framePerSecond":30,"keys":[{"frame":0,"values":[99.9982,0.6003,-0.0219,0.0,-0.6003,99.9982,-0.0105,0.0,0.0219,0.0106,100.0,0.0,0.0,0.0,0.0,1.0]},{"frame":1,"values":[99.5282,7.2406,6.4586,0.0,-7.2045,99.737,-0.7906,0.0,-6.4989,0.3216,99.7881,0.0,0.0,0.0,0.0,1.0]},{"frame":2,"values":[97.5544,13.5611,17.2986,0.0,-12.8252,99.032,-5.3084,0.0,-17.851,2.96,98.3493,0.0,0.0,0.0,0.0,1.0]},{"frame":3,"values":[95.2559,14.9511,26.5101,0.0,-13.0363,98.7507,-8.8515,0.0,-27.5023,4.9757,96.0149,0.0,0.0,0.0,0.0,1.0]},{"frame":4,"values":[93.8539,9.5873,33.1592,0.0,-7.2585,99.399,-8.1945,0.0,-33.7455,5.284,93.9857,0.0,0.0,0.0,0.0,1.0]},{"frame":5,"values":[92.7226,5.2033,37.0871,0.0,-4.0275,99.8412,-3.9384,0.0,-37.2332,2.1581,92.7849,0.0,0.0,0.0,0.0,1.0]},{"frame":6,"values":[91.8001,5.1535,39.3216,0.0,-5.7229,99.8357,0.2762,0.0,-39.2427,-2.5039,91.9442,0.0,0.0,0.0,0.0,1.0]},{"frame":7,"values":[91.1404,6.1438,40.69,0.0,-7.6771,99.6818,2.1445,0.0,-40.4288,-5.0783,91.3221,0.0,0.0,0.0,0.0,1.0]},{"frame":8,"values":[89.5479,7.5614,43.8634,0.0,-9.4404,99.5309,2.115,0.0,-43.4977,-6.0349,89.8417,0.0,0.0,0.0,0.0,1.0]},{"frame":9,"values":[86.8834,6.2438,49.115,0.0,-8.0067,99.6678,1.4933,0.0,-48.8586,-5.2299,87.0947,0.0,0.0,0.0,0.0,1.0]},{"frame":10,"values":[84.9085,-2.3414,52.7737,0.0,-0.0296,99.8996,4.4798,0.0,-52.8256,-3.8194,84.8226,0.0,0.0,0.0,0.0,1.0]},{"frame":11,"values":[85.2822,-8.8305,51.4682,0.0,5.8394,99.5543,7.405,0.0,-51.8927,-3.3097,85.4178,0.0,0.0,0.0,0.0,1.0]},{"frame":12,"values":[88.4255,-12.1978,45.0794,0.0,10.1506,99.241,6.9422,0.0,-45.584,-1.5629,88.9925,0.0,0.0,0.0,0.0,1.0]},{"frame":13,"values":[93.0342,-15.1786,33.3803,0.0,14.1051,98.8399,5.632,0.0,-33.8479,-0.5313,94.0959,0.0,0.0,0.0,0.0,1.0]},{"frame":14,"values":[96.2132,-14.2426,23.2415,0.0,14.0428,98.977,2.5208,0.0,-23.3628,0.8384,97.229,0.0,0.0,0.0,0.0,1.0]},{"frame":15,"values":[97.3861,-10.57,20.1054,0.0,10.856,99.4085,-0.3217,0.0,-19.9524,2.4959,97.9575,0.0,0.0,0.0,0.0,1.0]},{"frame":16,"values":[97.7853,-6.7457,19.8125,0.0,6.722,99.7707,0.7931,0.0,-19.8206,0.5563,98.0145,0.0,0.0,0.0,0.0,1.0]},{"frame":17,"values":[98.1549,-4.6367,18.5503,0.0,4.227,99.8768,2.5979,0.0,-18.6479,-1.7659,98.23,0.0,0.0,0.0,0.0,1.0]},{"frame":18,"values":[98.858,-4.6051,14.3488,0.0,4.1619,99.8564,3.3738,0.0,-14.4836,-2.7381,98.9077,0.0,0.0,0.0,0.0,1.0]},{"frame":19,"values":[99.4346,-7.7464,7.2635,0.0,7.5684,99.6768,2.6943,0.0,-7.4488,-2.1293,99.6995,0.0,0.0,0.0,0.0,1.0]},{"frame":20,"values":[99.6303,-8.5569,0.7682,0.0,8.5631,99.6293,-0.8194,0.0,-0.6952,0.8821,99.9937,0.0,0.0,0.0,0.0,1.0]},{"frame":21,"values":[99.9614,-2.5865,-1.0174,0.0,2.5743,99.9597,-1.1971,0.0,1.0479,1.1704,99.9877,0.0,0.0,0.0,0.0,1.0]}]},"targetId":"CE467561-41A3-C041-822B-BA8DCB9290E2-bone"},{"animation":{"name":"mixamorig:SpineAnimation","property":"_matrix","dataType":3,"enableBlending":false,"blendingSpeed":0.01,"loopBehavior":1,"framePerSecond":30,"keys":[{"frame":0,"values":[0.9828,0.0277,0.1824,0.0,0.0411,0.931,-0.3627,0.0,-0.1799,0.3639,0.9139,0.0,0.0,0.0885,-0.0097,1.0]},{"frame":1,"values":[0.97,-0.0378,0.2403,0.0,0.1189,0.9356,-0.3326,0.0,-0.2123,0.3511,0.9119,0.0,0.0,0.0885,-0.0097,1.0]},{"frame":2,"values":[0.9578,-0.1144,0.2637,0.0,0.1892,0.9415,-0.2787,0.0,-0.2164,0.3169,0.9235,0.0,0.0,0.0885,-0.0097,1.0]},{"frame":3,"values":[0.9544,-0.1455,0.2607,0.0,0.2095,0.9485,-0.2375,0.0,-0.2128,0.2813,0.9357,0.0,0.0,0.0885,-0.0097,1.0]},{"frame":4,"values":[0.9661,-0.1056,0.2355,0.0,0.158,0.9635,-0.2161,0.0,-0.2041,0.246,0.9475,0.0,0.0,0.0885,-0.0097,1.0]},{"frame":5,"values":[0.9782,-0.0701,0.1953,0.0,0.1155,0.9659,-0.2317,0.0,-0.1724,0.2492,0.953,0.0,0.0,0.0885,-0.0097,1.0]},{"frame":6,"values":[0.983,-0.0793,0.1655,0.0,0.1214,0.9574,-0.2619,0.0,-0.1377,0.2775,0.9508,0.0,0.0,0.0885,-0.0097,1.0]},{"frame":7,"values":[0.9853,-0.1028,0.1367,0.0,0.1384,0.9488,-0.284,0.0,-0.1005,0.2988,0.949,0.0,0.0,0.0885,-0.0097,1.0]},{"frame":8,"values":[0.9889,-0.1277,0.076,0.0,0.1453,0.9382,-0.314,0.0,-0.0312,0.3216,0.9464,0.0,0.0,0.0885,-0.0097,1.0]},{"frame":9,"values":[0.9918,-0.1269,-0.0124,0.0,0.1147,0.931,-0.3466,0.0,0.0555,0.3423,0.9379,0.0,0.0,0.0885,-0.0097,1.0]},{"frame":10,"values":[0.993,-0.0541,-0.1045,0.0,0.0143,0.9371,-0.3488,0.0,0.1168,0.3449,0.9313,0.0,0.0,0.0885,-0.0097,1.0]},{"frame":11,"values":[0.9835,0.0108,-0.1808,0.0,-0.0724,0.9384,-0.3378,0.0,0.166,0.3453,0.9237,0.0,0.0,0.0885,-0.0097,1.0]},{"frame":12,"values":[0.9709,0.0613,-0.2317,0.0,-0.1321,0.9435,-0.3039,0.0,0.2,0.3256,0.9241,0.0,0.0,0.0885,-0.0097,1.0]},{"frame":13,"values":[0.9657,0.1117,-0.2345,0.0,-0.1767,0.9442,-0.2781,0.0,0.1903,0.31,0.9315,0.0,0.0,0.0885,-0.0097,1.0]},{"frame":14,"values":[0.9703,0.1195,-0.2102,0.0,-0.1744,0.9479,-0.2665,0.0,0.1674,0.2952,0.9407,0.0,0.0,0.0885,-0.0097,1.0]},{"frame":15,"values":[0.9776,0.0952,-0.1876,0.0,-0.1427,0.9553,-0.2588,0.0,0.1546,0.2797,0.9475,0.0,0.0,0.0885,-0.0097,1.0]},{"frame":16,"values":[0.985,0.0655,-0.1599,0.0,-0.1103,0.9508,-0.2894,0.0,0.133,0.3027,0.9438,0.0,0.0,0.0885,-0.0097,1.0]},{"frame":17,"values":[0.9904,0.0592,-0.1253,0.0,-0.0963,0.9441,-0.3153,0.0,0.0996,0.3243,0.9407,0.0,0.0,0.0885,-0.0097,1.0]},{"frame":18,"values":[0.9943,0.0762,-0.0751,0.0,-0.0966,0.9407,-0.3251,0.0,0.0459,0.3305,0.9427,0.0,0.0,0.0885,-0.0097,1.0]},{"frame":19,"values":[0.9933,0.1153,0.0066,0.0,-0.1059,0.9321,-0.3464,0.0,-0.0461,0.3434,0.9381,0.0,0.0,0.0885,-0.0097,1.0]},{"frame":20,"values":[0.9888,0.1197,0.0895,0.0,-0.0805,0.9311,-0.3558,0.0,-0.1259,0.3446,0.9303,0.0,0.0,0.0885,-0.0097,1.0]},{"frame":21,"values":[0.987,0.0573,0.1499,0.0,0.0004,0.9332,-0.3595,0.0,-0.1605,0.3549,0.921,0.0,0.0,0.0885,-0.0097,1.0]}]},"targetId":"A5B42437-47A0-0D12-F90A-8FB92C54B321-bone"},{"animation":{"name":"mixamorig:Spine1Animation","property":"_matrix","dataType":3,"enableBlending":false,"blendingSpeed":0.01,"loopBehavior":1,"framePerSecond":30,"keys":[{"frame":0,"values":[0.9985,0.0078,0.054,0.0,-0.0067,0.9998,-0.0202,0.0,-0.0541,0.0198,0.9983,0.0,0.0,0.1039,0.0,1.0]},{"frame":1,"values":[0.9974,-0.006,0.0712,0.0,0.0071,0.9999,-0.0148,0.0,-0.0711,0.0153,0.9974,0.0,0.0,0.1039,0.0,1.0]},{"frame":2,"values":[0.9969,-0.0193,0.0769,0.0,0.0202,0.9997,-0.0103,0.0,-0.0766,0.0118,0.997,0.0,0.0,0.1039,0.0,1.0]},{"frame":3,"values":[0.9969,-0.0283,0.0732,0.0,0.029,0.9995,-0.0083,0.0,-0.073,0.0104,0.9973,0.0,0.0,0.1039,0.0,1.0]},{"frame":4,"values":[0.9976,-0.0265,0.0634,0.0,0.0271,0.9996,-0.0075,0.0,-0.0632,0.0092,0.998,0.0,0.0,0.1039,0.0,1.0]},{"frame":5,"values":[0.9985,-0.0205,0.0512,0.0,0.0212,0.9997,-0.0132,0.0,-0.0509,0.0143,0.9986,0.0,0.0,0.1039,0.0,1.0]},{"frame":6,"values":[0.9988,-0.0206,0.0442,0.0,0.0218,0.9994,-0.0257,0.0,-0.0437,0.0266,0.9987,0.0,0.0,0.1039,0.0,1.0]},{"frame":7,"values":[0.9989,-0.0252,0.0388,0.0,0.0264,0.9991,-0.0319,0.0,-0.0379,0.0329,0.9987,0.0,0.0,0.1039,0.0,1.0]},{"frame":8,"values":[0.9993,-0.0295,0.0245,0.0,0.0303,0.999,-0.0322,0.0,-0.0235,0.033,0.9992,0.0,0.0,0.1039,0.0,1.0]},{"frame":9,"values":[0.9996,-0.0291,0.0011,0.0,0.0291,0.9991,-0.0305,0.0,-0.0002,0.0305,0.9995,0.0,0.0,0.1039,0.0,1.0]},{"frame":10,"values":[0.9995,-0.0161,-0.0272,0.0,0.0154,0.9995,-0.0266,0.0,0.0276,0.0262,0.9993,0.0,0.0,0.1039,0.0,1.0]},{"frame":11,"values":[0.9985,-0.001,-0.0545,0.0,-0.0001,0.9998,-0.021,0.0,0.0545,0.0209,0.9983,0.0,0.0,0.1039,0.0,1.0]},{"frame":12,"values":[0.9975,0.0091,-0.0706,0.0,-0.01,0.9999,-0.0132,0.0,0.0705,0.0139,0.9974,0.0,0.0,0.1039,0.0,1.0]},{"frame":13,"values":[0.9974,0.0162,-0.0699,0.0,-0.0172,0.9998,-0.0132,0.0,0.0697,0.0144,0.9975,0.0,0.0,0.1039,0.0,1.0]},{"frame":14,"values":[0.998,0.0185,-0.06,0.0,-0.0195,0.9997,-0.0168,0.0,0.0596,0.018,0.9981,0.0,0.0,0.1039,0.0,1.0]},{"frame":15,"values":[0.9986,0.0157,-0.0507,0.0,-0.0168,0.9996,-0.0205,0.0,0.0504,0.0213,0.9985,0.0,0.0,0.1039,0.0,1.0]},{"frame":16,"values":[0.999,0.0118,-0.0422,0.0,-0.0128,0.9996,-0.0249,0.0,0.0419,0.0254,0.9988,0.0,0.0,0.1039,0.0,1.0]},{"frame":17,"values":[0.9994,0.0112,-0.034,0.0,-0.0123,0.9994,-0.0322,0.0,0.0336,0.0326,0.9989,0.0,0.0,0.1039,0.0,1.0]},{"frame":18,"values":[0.9996,0.0135,-0.0228,0.0,-0.0144,0.9992,-0.0366,0.0,0.0223,0.0369,0.9991,0.0,0.0,0.1039,0.0,1.0]},{"frame":19,"values":[0.9998,0.0201,-0.0016,0.0,-0.0202,0.9992,-0.0344,0.0,0.0009,0.0344,0.9994,0.0,0.0,0.1039,0.0,1.0]},{"frame":20,"values":[0.9994,0.0253,0.0222,0.0,-0.0247,0.9993,-0.0265,0.0,-0.0229,0.026,0.9994,0.0,0.0,0.1039,0.0,1.0]},{"frame":21,"values":[0.9989,0.0153,0.0432,0.0,-0.0143,0.9997,-0.0216,0.0,-0.0435,0.0209,0.9988,0.0,0.0,0.1039,0.0,1.0]}]},"targetId":"F9ABA4C8-4704-0876-DBFE-8FAB1C9F94F3-bone"},{"animation":{"name":"mixamorig:Spine2Animation","property":"_matrix","dataType":3,"enableBlending":false,"blendingSpeed":0.01,"loopBehavior":1,"framePerSecond":30,"keys":[{"frame":0,"values":[1.9971,0.015,0.1065,0.0,-0.0128,1.9995,-0.0415,0.0,-0.1068,0.0408,1.9967,0.0,0.0,0.1187,0.0,1.0]},{"frame":1,"values":[1.9949,-0.0125,0.1416,0.0,0.0147,1.9997,-0.0305,0.0,-0.1414,0.0314,1.9948,0.0,0.0,0.1187,0.0,1.0]},{"frame":2,"values":[1.9937,-0.039,0.1538,0.0,0.0407,1.9995,-0.0205,0.0,-0.1533,0.0235,1.994,0.0,0.0,0.1187,0.0,1.0]},{"frame":3,"values":[1.9938,-0.0572,0.1468,0.0,0.0585,1.9991,-0.0156,0.0,-0.1463,0.0198,1.9945,0.0,0.0,0.1187,0.0,1.0]},{"frame":4,"values":[1.9952,-0.0536,0.1272,0.0,0.0546,1.9992,-0.0142,0.0,-0.1267,0.0176,1.9959,0.0,0.0,0.1187,0.0,1.0]},{"frame":5,"values":[1.9969,-0.0418,0.1024,0.0,0.0432,1.9994,-0.0259,0.0,-0.1019,0.0281,1.9972,0.0,0.0,0.1187,0.0,1.0]},{"frame":6,"values":[1.9976,-0.0428,0.088,0.0,0.045,1.9988,-0.0509,0.0,-0.0869,0.0528,1.9974,0.0,0.0,0.1187,0.0,1.0]},{"frame":7,"values":[1.9978,-0.0521,0.077,0.0,0.0545,1.9983,-0.063,0.0,-0.0753,0.065,1.9975,0.0,0.0,0.1187,0.0,1.0]},{"frame":8,"values":[1.9985,-0.0604,0.049,0.0,0.0619,1.998,-0.0636,0.0,-0.047,0.0651,1.9984,0.0,0.0,0.1187,0.0,1.0]},{"frame":9,"values":[1.9991,-0.059,0.0032,0.0,0.0591,1.9982,-0.0607,0.0,-0.0014,0.0608,1.9991,0.0,0.0,0.1187,0.0,1.0]},{"frame":10,"values":[1.999,-0.0324,-0.0533,0.0,0.0309,1.999,-0.0539,0.0,0.0541,0.053,1.9986,0.0,0.0,0.1187,0.0,1.0]},{"frame":11,"values":[1.9971,-0.0021,-0.1082,0.0,-0.0002,1.9995,-0.0429,0.0,0.1082,0.0428,1.9966,0.0,0.0,0.1187,0.0,1.0]},{"frame":12,"values":[1.995,0.0175,-0.1409,0.0,-0.0194,1.9997,-0.0271,0.0,0.1406,0.0284,1.9948,0.0,0.0,0.1187,0.0,1.0]},{"frame":13,"values":[1.9948,0.0317,-0.14,0.0,-0.0336,1.9995,-0.0265,0.0,0.1396,0.0288,1.9949,0.0,0.0,0.1187,0.0,1.0]},{"frame":14,"values":[1.9961,0.0369,-0.1198,0.0,-0.039,1.9993,-0.0335,0.0,0.1192,0.0358,1.9961,0.0,0.0,0.1187,0.0,1.0]},{"frame":15,"values":[1.9972,0.0312,-0.1013,0.0,-0.0333,1.9993,-0.041,0.0,0.1006,0.0426,1.997,0.0,0.0,0.1187,0.0,1.0]},{"frame":16,"values":[1.9981,0.0234,-0.0842,0.0,-0.0255,1.9992,-0.0498,0.0,0.0836,0.0508,1.9976,0.0,0.0,0.1187,0.0,1.0]},{"frame":17,"values":[1.9987,0.0225,-0.0677,0.0,-0.0247,1.9988,-0.0643,0.0,0.0669,0.0651,1.9978,0.0,0.0,0.1187,0.0,1.0]},{"frame":18,"values":[1.9993,0.027,-0.0454,0.0,-0.0286,1.9985,-0.0731,0.0,0.0443,0.0737,1.9981,0.0,0.0,0.1187,0.0,1.0]},{"frame":19,"values":[1.9996,0.0398,-0.0039,0.0,-0.0399,1.9984,-0.0686,0.0,0.0025,0.0687,1.9988,0.0,0.0,0.1187,0.0,1.0]},{"frame":20,"values":[1.9989,0.05,0.0427,0.0,-0.0488,1.9987,-0.0536,0.0,-0.044,0.0525,1.9988,0.0,0.0,0.1187,0.0,1.0]},{"frame":21,"values":[1.998,0.03,0.0846,0.0,-0.0281,1.9993,-0.0443,0.0,-0.0852,0.043,1.9977,0.0,0.0,0.1187,0.0,1.0]}]},"targetId":"C3FC375A-4967-0E1D-8FC6-4FBC3A5A5F31-bone"},{"animation":{"name":"mixamorig:NeckAnimation","property":"_matrix","dataType":3,"enableBlending":false,"blendingSpeed":0.01,"loopBehavior":1,"framePerSecond":30,"keys":[{"frame":0,"values":[0.9993,0.0302,-0.0235,0.0,-0.0238,0.9713,0.2366,0.0,0.0299,-0.2359,0.9713,0.0,0.0,0.1336,0.0,1.0]},{"frame":1,"values":[0.999,0.022,-0.0381,0.0,-0.0123,0.9711,0.2385,0.0,0.0422,-0.2378,0.9704,0.0,0.0,0.1336,0.0,1.0]},{"frame":2,"values":[0.9987,0.0115,-0.0497,0.0,0.0007,0.9711,0.2386,0.0,0.051,-0.2383,0.9699,0.0,0.0,0.1336,0.0,1.0]},{"frame":3,"values":[0.9983,0.0107,-0.0577,0.0,0.0032,0.972,0.2351,0.0,0.0586,-0.2349,0.9703,0.0,0.0,0.1336,0.0,1.0]},{"frame":4,"values":[0.998,0.0159,-0.0606,0.0,-0.0017,0.9737,0.228,0.0,0.0626,-0.2275,0.9718,0.0,0.0,0.1336,0.0,1.0]},{"frame":5,"values":[0.9982,0.0182,-0.0579,0.0,-0.005,0.9755,0.2199,0.0,0.0605,-0.2192,0.9738,0.0,0.0,0.1336,0.0,1.0]},{"frame":6,"values":[0.9983,0.0203,-0.0554,0.0,-0.008,0.9769,0.2136,0.0,0.0584,-0.2127,0.9754,0.0,0.0,0.1336,0.0,1.0]},{"frame":7,"values":[0.9984,0.0223,-0.0524,0.0,-0.0109,0.9777,0.2096,0.0,0.0559,-0.2087,0.9764,0.0,0.0,0.1336,0.0,1.0]},{"frame":8,"values":[0.9987,0.0203,-0.047,0.0,-0.01,0.9777,0.2098,0.0,0.0502,-0.2091,0.9766,0.0,0.0,0.1336,0.0,1.0]},{"frame":9,"values":[0.999,0.0202,-0.0407,0.0,-0.0108,0.9758,0.2182,0.0,0.0441,-0.2176,0.975,0.0,0.0,0.1336,0.0,1.0]},{"frame":10,"values":[0.9993,0.0227,-0.0309,0.0,-0.0153,0.9748,0.2225,0.0,0.0352,-0.2218,0.9744,0.0,0.0,0.1336,0.0,1.0]},{"frame":11,"values":[0.9995,0.0262,-0.0162,0.0,-0.022,0.9748,0.2219,0.0,0.0216,-0.2214,0.9749,0.0,0.0,0.1336,0.0,1.0]},{"frame":12,"values":[0.9994,0.0334,-0.0026,0.0,-0.032,0.9751,0.2194,0.0,0.0099,-0.2192,0.9756,0.0,0.0,0.1336,0.0,1.0]},{"frame":13,"values":[0.9991,0.041,0.0059,0.0,-0.0413,0.9754,0.2164,0.0,0.0032,-0.2164,0.9763,0.0,0.0,0.1336,0.0,1.0]},{"frame":14,"values":[0.9991,0.0423,0.0103,0.0,-0.0436,0.975,0.2179,0.0,-0.0008,-0.2181,0.9759,0.0,0.0,0.1336,0.0,1.0]},{"frame":15,"values":[0.9992,0.0377,0.0115,0.0,-0.0393,0.975,0.2188,0.0,-0.003,-0.2191,0.9757,0.0,0.0,0.1336,0.0,1.0]},{"frame":16,"values":[0.9995,0.0314,0.009,0.0,-0.0326,0.9761,0.2149,0.0,-0.002,-0.2151,0.9766,0.0,0.0,0.1336,0.0,1.0]},{"frame":17,"values":[0.9997,0.0245,0.005,0.0,-0.025,0.9769,0.2124,0.0,0.0003,-0.2125,0.9772,0.0,0.0,0.1336,0.0,1.0]},{"frame":18,"values":[0.9997,0.0225,0.0007,0.0,-0.0222,0.9763,0.2153,0.0,0.0041,-0.2152,0.9766,0.0,0.0,0.1336,0.0,1.0]},{"frame":19,"values":[0.9997,0.0254,-0.005,0.0,-0.0236,0.9749,0.2216,0.0,0.0105,-0.2214,0.9751,0.0,0.0,0.1336,0.0,1.0]},{"frame":20,"values":[0.9996,0.0254,-0.0096,0.0,-0.0226,0.9733,0.2284,0.0,0.0151,-0.2281,0.9735,0.0,0.0,0.1336,0.0,1.0]},{"frame":21,"values":[0.9994,0.0296,-0.0171,0.0,-0.0248,0.9719,0.2341,0.0,0.0235,-0.2335,0.9721,0.0,0.0,0.1336,0.0,1.0]}]},"targetId":"F9537909-4769-2211-6376-1F8B568CABF6-bone"},{"animation":{"name":"mixamorig:HeadAnimation","property":"_matrix","dataType":3,"enableBlending":false,"blendingSpeed":0.01,"loopBehavior":1,"framePerSecond":30,"keys":[{"frame":0,"values":[0.9948,-0.0926,0.0424,0.0,0.0665,0.9061,0.4179,0.0,-0.0771,-0.4129,0.9075,0.0,0.0,0.0177,0.007,1.0]},{"frame":1,"values":[0.9951,-0.0378,-0.0909,0.0,0.0707,0.9165,0.3938,0.0,0.0684,-0.3983,0.9147,0.0,0.0,0.0177,0.007,1.0]},{"frame":2,"values":[0.9762,0.0177,-0.2162,0.0,0.0584,0.9383,0.3408,0.0,0.2089,-0.3453,0.9149,0.0,0.0,0.0177,0.007,1.0]},{"frame":3,"values":[0.9524,0.0666,-0.2976,0.0,0.0354,0.945,0.325,0.0,0.3029,-0.3201,0.8977,0.0,0.0,0.0177,0.007,1.0]},{"frame":4,"values":[0.9413,0.0986,-0.323,0.0,0.0113,0.9467,0.3219,0.0,0.3375,-0.3066,0.89,0.0,0.0,0.0177,0.007,1.0]},{"frame":5,"values":[0.9437,0.1242,-0.3068,0.0,-0.0168,0.9438,0.3302,0.0,0.3305,-0.3064,0.8927,0.0,0.0,0.0177,0.007,1.0]},{"frame":6,"values":[0.9449,0.1553,-0.2883,0.0,-0.0404,0.9289,0.3682,0.0,0.3249,-0.3363,0.8839,0.0,0.0,0.0177,0.007,1.0]},{"frame":7,"values":[0.9474,0.1889,-0.2585,0.0,-0.0744,0.9152,0.396,0.0,0.3114,-0.356,0.8811,0.0,0.0,0.0177,0.007,1.0]},{"frame":8,"values":[0.9503,0.2242,-0.2159,0.0,-0.1176,0.9009,0.4179,0.0,0.2881,-0.3717,0.8825,0.0,0.0,0.0177,0.007,1.0]},{"frame":9,"values":[0.9524,0.2477,-0.1778,0.0,-0.1504,0.8888,0.4328,0.0,0.2653,-0.3855,0.8838,0.0,0.0,0.0177,0.007,1.0]},{"frame":10,"values":[0.9654,0.2335,-0.1156,0.0,-0.163,0.8874,0.4312,0.0,0.2033,-0.3975,0.8948,0.0,0.0,0.0177,0.007,1.0]},{"frame":11,"values":[0.9805,0.1967,-0.0026,0.0,-0.1775,0.8906,0.4188,0.0,0.0846,-0.4102,0.9081,0.0,0.0,0.0177,0.007,1.0]},{"frame":12,"values":[0.982,0.1462,0.1198,0.0,-0.1803,0.9149,0.3613,0.0,-0.0568,-0.3764,0.9247,0.0,0.0,0.0177,0.007,1.0]},{"frame":13,"values":[0.9701,0.0954,0.2233,0.0,-0.1646,0.9346,0.3154,0.0,-0.1786,-0.3427,0.9223,0.0,0.0,0.0177,0.007,1.0]},{"frame":14,"values":[0.9563,0.0566,0.2868,0.0,-0.1512,0.9355,0.3194,0.0,-0.2502,-0.3488,0.9032,0.0,0.0,0.0177,0.007,1.0]},{"frame":15,"values":[0.9532,0.0191,0.3016,0.0,-0.1246,0.934,0.3348,0.0,-0.2754,-0.3568,0.8927,0.0,0.0,0.0177,0.007,1.0]},{"frame":16,"values":[0.9605,-0.0156,0.2777,0.0,-0.0887,0.9291,0.359,0.0,-0.2636,-0.3694,0.8911,0.0,0.0,0.0177,0.007,1.0]},{"frame":17,"values":[0.9696,-0.0345,0.2424,0.0,-0.065,0.9181,0.3909,0.0,-0.236,-0.3947,0.888,0.0,0.0,0.0177,0.007,1.0]},{"frame":18,"values":[0.9761,-0.0523,0.211,0.0,-0.0395,0.9118,0.4086,0.0,-0.2138,-0.4072,0.888,0.0,0.0,0.0177,0.007,1.0]},{"frame":19,"values":[0.9802,-0.0947,0.174,0.0,0.0101,0.901,0.4336,0.0,-0.1978,-0.4233,0.8842,0.0,0.0,0.0177,0.007,1.0]},{"frame":20,"values":[0.9806,-0.1325,0.1442,0.0,0.0553,0.8936,0.4454,0.0,-0.1879,-0.4288,0.8836,0.0,0.0,0.0177,0.007,1.0]},{"frame":21,"values":[0.9891,-0.1154,0.0919,0.0,0.0651,0.9003,0.4305,0.0,-0.1324,-0.4198,0.8979,0.0,0.0,0.0177,0.007,1.0]}]},"targetId":"620A73CD-4710-8919-3BA3-F5996B9F4AE6-bone"},{"animation":{"name":"mixamorig:LeftShoulderAnimation","property":"_matrix","dataType":3,"enableBlending":false,"blendingSpeed":0.01,"loopBehavior":1,"framePerSecond":30,"keys":[{"frame":0,"values":[0.0014,0.0075,1.0,0.0,0.926,-0.3775,0.0015,0.0,0.3775,0.926,-0.0075,0.0,0.0503,0.1191,-0.0022,1.0]},{"frame":1,"values":[-0.0088,0.0075,0.9999,0.0,0.9383,-0.3456,0.0108,0.0,0.3456,0.9384,-0.004,0.0,0.0503,0.1191,-0.0022,1.0]},{"frame":2,"values":[0.0437,0.0075,0.999,0.0,0.9455,-0.3234,-0.0389,0.0,0.3227,0.9462,-0.0213,0.0,0.0503,0.1191,-0.0022,1.0]},{"frame":3,"values":[0.0725,0.0079,0.9973,0.0,0.9458,-0.3178,-0.0663,0.0,0.3164,0.9481,-0.0305,0.0,0.0503,0.1191,-0.0022,1.0]},{"frame":4,"values":[0.0736,0.0074,0.9973,0.0,0.941,-0.3318,-0.067,0.0,0.3304,0.9433,-0.0313,0.0,0.0503,0.1191,-0.0022,1.0]},{"frame":5,"values":[0.0704,0.006,0.9975,0.0,0.9264,-0.3712,-0.0631,0.0,0.3699,0.9285,-0.0317,0.0,0.0503,0.1191,-0.0022,1.0]},{"frame":6,"values":[0.0878,0.0036,0.9961,0.0,0.9063,-0.4153,-0.0784,0.0,0.4134,0.9097,-0.0397,0.0,0.0503,0.1191,-0.0022,1.0]},{"frame":7,"values":[0.1082,0.0006,0.9941,0.0,0.8867,-0.4522,-0.0962,0.0,0.4495,0.8919,-0.0494,0.0,0.0503,0.1191,-0.0022,1.0]},{"frame":8,"values":[0.1303,-0.004,0.9915,0.0,0.8613,-0.4948,-0.1152,0.0,0.4911,0.869,-0.061,0.0,0.0503,0.1191,-0.0022,1.0]},{"frame":9,"values":[0.1777,-0.0083,0.984,0.0,0.8557,-0.4925,-0.1587,0.0,0.486,0.8703,-0.0804,0.0,0.0503,0.1191,-0.0022,1.0]},{"frame":10,"values":[0.2205,-0.0054,0.9754,0.0,0.8777,-0.4351,-0.2008,0.0,0.4254,0.9004,-0.0912,0.0,0.0503,0.1191,-0.0022,1.0]},{"frame":11,"values":[0.2115,0.0011,0.9774,0.0,0.9032,-0.3824,-0.195,0.0,0.3736,0.924,-0.0819,0.0,0.0503,0.1191,-0.0022,1.0]},{"frame":12,"values":[0.1706,0.0057,0.9853,0.0,0.9253,-0.3447,-0.1582,0.0,0.3387,0.9387,-0.0641,0.0,0.0503,0.1191,-0.0022,1.0]},{"frame":13,"values":[0.1188,0.0075,0.9929,0.0,0.9393,-0.3249,-0.11,0.0,0.3217,0.9457,-0.0456,0.0,0.0503,0.1191,-0.0022,1.0]},{"frame":14,"values":[0.0725,0.0071,0.9973,0.0,0.9404,-0.3335,-0.0659,0.0,0.3322,0.9427,-0.0309,0.0,0.0503,0.1191,-0.0022,1.0]},{"frame":15,"values":[0.0743,0.0063,0.9972,0.0,0.9331,-0.3532,-0.0673,0.0,0.3518,0.9355,-0.0321,0.0,0.0503,0.1191,-0.0022,1.0]},{"frame":16,"values":[0.1165,0.0046,0.9932,0.0,0.9238,-0.3676,-0.1067,0.0,0.3646,0.93,-0.0471,0.0,0.0503,0.1191,-0.0022,1.0]},{"frame":17,"values":[0.131,0.0024,0.9914,0.0,0.9123,-0.3917,-0.1196,0.0,0.388,0.9201,-0.0535,0.0,0.0503,0.1191,-0.0022,1.0]},{"frame":18,"values":[0.1011,0.0018,0.9949,0.0,0.9027,-0.4205,-0.091,0.0,0.4182,0.9073,-0.0441,0.0,0.0503,0.1191,-0.0022,1.0]},{"frame":19,"values":[0.0752,0.0031,0.9972,0.0,0.9038,-0.4227,-0.0668,0.0,0.4213,0.9063,-0.0346,0.0,0.0503,0.1191,-0.0022,1.0]},{"frame":20,"values":[0.0486,0.0051,0.9988,0.0,0.9127,-0.4064,-0.0423,0.0,0.4057,0.9137,-0.0244,0.0,0.0503,0.1191,-0.0022,1.0]},{"frame":21,"values":[0.0104,0.0071,0.9999,0.0,0.9211,-0.3892,-0.0068,0.0,0.3892,0.9211,-0.0106,0.0,0.0503,0.1191,-0.0022,1.0]}]},"targetId":"116F25A0-40D8-ED0F-1DAB-A7913E96D8ED-bone"},{"animation":{"name":"mixamorig:LeftArmAnimation","property":"_matrix","dataType":3,"enableBlending":false,"blendingSpeed":0.01,"loopBehavior":1,"framePerSecond":30,"keys":[{"frame":0,"values":[0.747,-0.3144,0.5858,0.0,0.6111,0.6718,-0.4186,0.0,-0.2619,0.6707,0.694,0.0,0.0,0.1002,0.0,1.0]},{"frame":1,"values":[0.6097,-0.4203,0.672,0.0,0.7225,0.6434,-0.2531,0.0,-0.3259,0.6398,0.696,0.0,0.0,0.1002,0.0,1.0]},{"frame":2,"values":[0.4894,-0.5264,0.6952,0.0,0.7834,0.6157,-0.0852,0.0,-0.3832,0.5863,0.7137,0.0,0.0,0.1002,0.0,1.0]},{"frame":3,"values":[0.4389,-0.5545,0.707,0.0,0.7735,0.6336,0.0167,0.0,-0.4572,0.5396,0.707,0.0,0.0,0.1002,0.0,1.0]},{"frame":4,"values":[0.4816,-0.5146,0.7094,0.0,0.7341,0.6791,-0.0057,0.0,-0.4788,0.5235,0.7048,0.0,0.0,0.1002,0.0,1.0]},{"frame":5,"values":[0.5858,-0.4455,0.677,0.0,0.6701,0.7361,-0.0954,0.0,-0.4559,0.5096,0.7297,0.0,0.0,0.1002,0.0,1.0]},{"frame":6,"values":[0.7475,-0.3282,0.5775,0.0,0.5215,0.8285,-0.2041,0.0,-0.4115,0.4537,0.7904,0.0,0.0,0.1002,0.0,1.0]},{"frame":7,"values":[0.9085,-0.1143,0.402,0.0,0.2479,0.9217,-0.2983,0.0,-0.3365,0.3707,0.8657,0.0,0.0,0.1002,0.0,1.0]},{"frame":8,"values":[0.967,0.1548,0.2025,0.0,-0.093,0.9539,-0.2854,0.0,-0.2373,0.2571,0.9368,0.0,0.0,0.1002,0.0,1.0]},{"frame":9,"values":[0.918,0.3963,0.0169,0.0,-0.3874,0.9049,-0.1763,0.0,-0.0851,0.1553,0.9842,0.0,0.0,0.1002,0.0,1.0]},{"frame":10,"values":[0.8379,0.5251,-0.1493,0.0,-0.536,0.8431,-0.0434,0.0,0.1031,0.1163,0.9878,0.0,0.0,0.1002,0.0,1.0]},{"frame":11,"values":[0.8064,0.5344,-0.2532,0.0,-0.5356,0.8415,0.0701,0.0,0.2505,0.0791,0.9649,0.0,0.0,0.1002,0.0,1.0]},{"frame":12,"values":[0.8242,0.4596,-0.3309,0.0,-0.446,0.8868,0.1209,0.0,0.349,0.048,0.9359,0.0,0.0,0.1002,0.0,1.0]},{"frame":13,"values":[0.8482,0.377,-0.3719,0.0,-0.353,0.926,0.1338,0.0,0.3948,0.0178,0.9186,0.0,0.0,0.1002,0.0,1.0]},{"frame":14,"values":[0.8743,0.3357,-0.3506,0.0,-0.3126,0.942,0.1223,0.0,0.3713,0.0027,0.9285,0.0,0.0,0.1002,0.0,1.0]},{"frame":15,"values":[0.9172,0.29,-0.273,0.0,-0.2876,0.9565,0.0498,0.0,0.2756,0.0328,0.9607,0.0,0.0,0.1002,0.0,1.0]},{"frame":16,"values":[0.9617,0.2147,-0.1702,0.0,-0.2308,0.9696,-0.0813,0.0,0.1476,0.1175,0.9821,0.0,0.0,0.1002,0.0,1.0]},{"frame":17,"values":[0.9897,0.1428,-0.0114,0.0,-0.1415,0.9623,-0.2324,0.0,-0.0222,0.2316,0.9726,0.0,0.0,0.1002,0.0,1.0]},{"frame":18,"values":[0.9828,0.103,0.1532,0.0,-0.0385,0.926,-0.3755,0.0,-0.1805,0.3632,0.9141,0.0,0.0,0.1002,0.0,1.0]},{"frame":19,"values":[0.9708,0.0402,0.2364,0.0,0.0932,0.8452,-0.5262,0.0,-0.221,0.5329,0.8168,0.0,0.0,0.1002,0.0,1.0]},{"frame":20,"values":[0.9343,-0.1165,0.3369,0.0,0.3068,0.7439,-0.5937,0.0,-0.1815,0.6581,0.7307,0.0,0.0,0.1002,0.0,1.0]},{"frame":21,"values":[0.8176,-0.2664,0.5104,0.0,0.5338,0.6829,-0.4987,0.0,-0.2158,0.6802,0.7006,0.0,0.0,0.1002,0.0,1.0]}]},"targetId":"5A47A961-4EF0-BCA1-0F44-D59DB29CE39A-bone"},{"animation":{"name":"mixamorig:LeftForeArmAnimation","property":"_matrix","dataType":3,"enableBlending":false,"blendingSpeed":0.01,"loopBehavior":1,"framePerSecond":30,"keys":[{"frame":0,"values":[0.0919,0.6097,-0.7873,0.0,-0.8474,0.4631,0.2597,0.0,0.5229,0.6433,0.5592,0.0,0.0,0.1236,0.0,1.0]},{"frame":1,"values":[-0.0076,0.6246,-0.7809,0.0,-0.885,0.3593,0.296,0.0,0.4655,0.6934,0.5501,0.0,0.0,0.1236,0.0,1.0]},{"frame":2,"values":[-0.1039,0.6279,-0.7713,0.0,-0.9084,0.2558,0.3306,0.0,0.4049,0.735,0.5439,0.0,0.0,0.1236,0.0,1.0]},{"frame":3,"values":[-0.1522,0.6255,-0.7652,0.0,-0.9154,0.2028,0.3478,0.0,0.3727,0.7534,0.5417,0.0,0.0,0.1236,0.0,1.0]},{"frame":4,"values":[-0.1503,0.6257,-0.7655,0.0,-0.9152,0.2048,0.3472,0.0,0.374,0.7527,0.5418,0.0,0.0,0.1236,0.0,1.0]},{"frame":5,"values":[-0.1563,0.6252,-0.7647,0.0,-0.9158,0.1982,0.3493,0.0,0.3699,0.7549,0.5416,0.0,0.0,0.1236,0.0,1.0]},{"frame":6,"values":[-0.1575,0.6251,-0.7645,0.0,-0.9159,0.1969,0.3497,0.0,0.3691,0.7553,0.5415,0.0,0.0,0.1236,0.0,1.0]},{"frame":7,"values":[-0.097,0.6281,-0.7721,0.0,-0.9072,0.2633,0.3282,0.0,0.4094,0.7323,0.5442,0.0,0.0,0.1236,0.0,1.0]},{"frame":8,"values":[-0.0202,0.6257,-0.7798,0.0,-0.8888,0.3459,0.3006,0.0,0.4578,0.6992,0.5491,0.0,0.0,0.1236,0.0,1.0]},{"frame":9,"values":[-0.008,0.6247,-0.7809,0.0,-0.8851,0.3589,0.2961,0.0,0.4652,0.6935,0.55,0.0,0.0,0.1236,0.0,1.0]},{"frame":10,"values":[-0.0635,0.6279,-0.7757,0.0,-0.9002,0.2996,0.3162,0.0,0.4309,0.7184,0.5462,0.0,0.0,0.1236,0.0,1.0]},{"frame":11,"values":[-0.1975,0.6207,-0.7587,0.0,-0.9189,0.1523,0.3638,0.0,0.3414,0.7691,0.5403,0.0,0.0,0.1236,0.0,1.0]},{"frame":12,"values":[-0.3462,0.587,-0.7319,0.0,-0.9094,-0.0183,0.4156,0.0,0.2306,0.8094,0.5401,0.0,0.0,0.1236,0.0,1.0]},{"frame":13,"values":[-0.4499,0.5451,-0.7074,0.0,-0.8812,-0.1422,0.4508,0.0,0.1451,0.8262,0.5443,0.0,0.0,0.1236,0.0,1.0]},{"frame":14,"values":[-0.4867,0.526,-0.6975,0.0,-0.8663,-0.1874,0.4631,0.0,0.1129,0.8296,0.5468,0.0,0.0,0.1236,0.0,1.0]},{"frame":15,"values":[-0.4642,0.538,-0.7037,0.0,-0.8757,-0.1597,0.4556,0.0,0.1328,0.8277,0.5452,0.0,0.0,0.1236,0.0,1.0]},{"frame":16,"values":[-0.4001,0.5673,-0.7198,0.0,-0.8972,-0.0822,0.434,0.0,0.187,0.8194,0.5418,0.0,0.0,0.1236,0.0,1.0]},{"frame":17,"values":[-0.2828,0.6049,-0.7444,0.0,-0.9176,0.0554,0.3937,0.0,0.2794,0.7944,0.5394,0.0,0.0,0.1236,0.0,1.0]},{"frame":18,"values":[-0.0974,0.6281,-0.772,0.0,-0.9073,0.2629,0.3283,0.0,0.4091,0.7324,0.5442,0.0,0.0,0.1236,0.0,1.0]},{"frame":19,"values":[0.113,0.605,-0.7881,0.0,-0.8376,0.4846,0.252,0.0,0.5344,0.6317,0.5615,0.0,0.0,0.1236,0.0,1.0]},{"frame":20,"values":[0.1942,0.5817,-0.7899,0.0,-0.7938,0.5663,0.2219,0.0,0.5764,0.5839,0.5717,0.0,0.0,0.1236,0.0,1.0]},{"frame":21,"values":[0.1346,0.5996,-0.7889,0.0,-0.8269,0.5066,0.244,0.0,0.546,0.6195,0.5641,0.0,0.0,0.1236,0.0,1.0]}]},"targetId":"F765DA4F-4091-A976-B517-58BDAC2C03B2-bone"},{"animation":{"name":"mixamorig:LeftHandAnimation","property":"_matrix","dataType":3,"enableBlending":false,"blendingSpeed":0.01,"loopBehavior":1,"framePerSecond":30,"keys":[{"frame":0,"values":[1.0,0.0,0.0,0.0,0.0,1.0,0.0,0.0,0.0,0.0,1.0,0.0,0.0,0.2693,0.0,1.0]},{"frame":21,"values":[1.0,0.0,0.0,0.0,0.0,1.0,0.0,0.0,0.0,0.0,1.0,0.0,0.0,0.2693,0.0,1.0]}]},"targetId":"22E0B317-4ED8-7A0E-BDBA-E0AEFA02225B-bone"},{"animation":{"name":"mixamorig:RightShoulderAnimation","property":"_matrix","dataType":3,"enableBlending":false,"blendingSpeed":0.01,"loopBehavior":1,"framePerSecond":30,"keys":[{"frame":0,"values":[0.221,0.0034,-0.9753,0.0,-0.8669,-0.4575,-0.198,0.0,-0.4469,0.8892,-0.0982,0.0,-0.0503,0.1189,-0.001,1.0]},{"frame":1,"values":[0.1833,-0.0032,-0.983,0.0,-0.8971,-0.4094,-0.166,0.0,-0.4019,0.9123,-0.0779,0.0,-0.0503,0.1189,-0.001,1.0]},{"frame":2,"values":[0.1265,-0.007,-0.9919,0.0,-0.917,-0.3821,-0.1143,0.0,-0.3782,0.9241,-0.0547,0.0,-0.0503,0.1189,-0.001,1.0]},{"frame":3,"values":[0.0912,-0.007,-0.9958,0.0,-0.9083,-0.4106,-0.0803,0.0,-0.4083,0.9118,-0.0438,0.0,-0.0503,0.1189,-0.001,1.0]},{"frame":4,"values":[0.0938,-0.0058,-0.9956,0.0,-0.8933,-0.442,-0.0816,0.0,-0.4395,0.897,-0.0466,0.0,-0.0503,0.1189,-0.001,1.0]},{"frame":5,"values":[0.1243,-0.0043,-0.9922,0.0,-0.8926,-0.4373,-0.1099,0.0,-0.4334,0.8993,-0.0582,0.0,-0.0503,0.1189,-0.001,1.0]},{"frame":6,"values":[0.1337,-0.0038,-0.991,0.0,-0.8912,-0.4379,-0.1185,0.0,-0.4335,0.899,-0.0619,0.0,-0.0503,0.1189,-0.001,1.0]},{"frame":7,"values":[0.1123,-0.0039,-0.9937,0.0,-0.8832,-0.4587,-0.098,0.0,-0.4554,0.8886,-0.055,0.0,-0.0503,0.1189,-0.001,1.0]},{"frame":8,"values":[0.0847,-0.0058,-0.9964,0.0,-0.8866,-0.4568,-0.0727,0.0,-0.4547,0.8895,-0.0439,0.0,-0.0503,0.1189,-0.001,1.0]},{"frame":9,"values":[0.0602,-0.008,-0.9982,0.0,-0.8986,-0.4358,-0.0507,0.0,-0.4346,0.9,-0.0334,0.0,-0.0503,0.1189,-0.001,1.0]},{"frame":10,"values":[0.0492,-0.0088,-0.9988,0.0,-0.9025,-0.4289,-0.0407,0.0,-0.428,0.9033,-0.0291,0.0,-0.0503,0.1189,-0.001,1.0]},{"frame":11,"values":[0.0335,-0.0103,-0.9994,0.0,-0.9206,-0.3896,-0.0269,0.0,-0.3891,0.9209,-0.0225,0.0,-0.0503,0.1189,-0.001,1.0]},{"frame":12,"values":[0.0458,-0.0118,-0.9989,0.0,-0.9473,-0.3179,-0.0397,0.0,-0.317,0.9481,-0.0258,0.0,-0.0503,0.1189,-0.001,1.0]},{"frame":13,"values":[0.1306,-0.0149,-0.9913,0.0,-0.9491,-0.2909,-0.1207,0.0,-0.2866,0.9566,-0.0522,0.0,-0.0503,0.1189,-0.001,1.0]},{"frame":14,"values":[0.1842,-0.0192,-0.9827,0.0,-0.9428,-0.2862,-0.1712,0.0,-0.278,0.958,-0.0708,0.0,-0.0503,0.1189,-0.001,1.0]},{"frame":15,"values":[0.173,-0.0138,-0.9848,0.0,-0.9337,-0.3204,-0.1595,0.0,-0.3134,0.9472,-0.0683,0.0,-0.0503,0.1189,-0.001,1.0]},{"frame":16,"values":[0.146,-0.0096,-0.9892,0.0,-0.9196,-0.3701,-0.1321,0.0,-0.3649,0.9289,-0.0629,0.0,-0.0503,0.1189,-0.001,1.0]},{"frame":17,"values":[0.1403,-0.0056,-0.9901,0.0,-0.899,-0.4198,-0.125,0.0,-0.4149,0.9076,-0.0639,0.0,-0.0503,0.1189,-0.001,1.0]},{"frame":18,"values":[0.1606,0.0002,-0.987,0.0,-0.8731,-0.4664,-0.1421,0.0,-0.4604,0.8846,-0.0747,0.0,-0.0503,0.1189,-0.001,1.0]},{"frame":19,"values":[0.1947,0.0085,-0.9808,0.0,-0.8422,-0.5111,-0.1716,0.0,-0.5027,0.8595,-0.0923,0.0,-0.0503,0.1189,-0.001,1.0]},{"frame":20,"values":[0.2264,0.0106,-0.974,0.0,-0.8406,-0.503,-0.2009,0.0,-0.492,0.8642,-0.105,0.0,-0.0503,0.1189,-0.001,1.0]},{"frame":21,"values":[0.2327,0.006,-0.9725,0.0,-0.8582,-0.4692,-0.2082,0.0,-0.4576,0.8831,-0.104,0.0,-0.0503,0.1189,-0.001,1.0]}]},"targetId":"784CDF70-493F-ED3C-CF97-DD811A60161F-bone"},{"animation":{"name":"mixamorig:RightArmAnimation","property":"_matrix","dataType":3,"enableBlending":false,"blendingSpeed":0.01,"loopBehavior":1,"framePerSecond":30,"keys":[{"frame":0,"values":[0.8392,-0.4174,0.3486,0.0,0.4628,0.8848,-0.0548,0.0,-0.2856,0.2073,0.9357,0.0,0.0,0.1002,0.0,1.0]},{"frame":1,"values":[0.785,-0.4492,0.4266,0.0,0.4706,0.8802,0.0608,0.0,-0.4028,0.153,0.9024,0.0,0.0,0.1002,0.0,1.0]},{"frame":2,"values":[0.7988,-0.303,0.5198,0.0,0.3139,0.9469,0.0697,0.0,-0.5133,0.1074,0.8515,0.0,0.0,0.1002,0.0,1.0]},{"frame":3,"values":[0.8105,-0.2111,0.5464,0.0,0.1937,0.9769,0.09,0.0,-0.5528,0.0329,0.8327,0.0,0.0,0.1002,0.0,1.0]},{"frame":4,"values":[0.8821,-0.1761,0.4369,0.0,0.1459,0.984,0.1021,0.0,-0.4479,-0.0263,0.8937,0.0,0.0,0.1002,0.0,1.0]},{"frame":5,"values":[0.9621,-0.1274,0.2411,0.0,0.1208,0.9918,0.0418,0.0,-0.2444,-0.0111,0.9696,0.0,0.0,0.1002,0.0,1.0]},{"frame":6,"values":[0.9959,-0.0895,-0.0124,0.0,0.0886,0.9943,-0.0591,0.0,0.0176,0.0577,0.9982,0.0,0.0,0.1002,0.0,1.0]},{"frame":7,"values":[0.967,-0.1226,-0.2232,0.0,0.0801,0.9784,-0.1904,0.0,0.2417,0.1662,0.956,0.0,0.0,0.1002,0.0,1.0]},{"frame":8,"values":[0.9324,-0.164,-0.322,0.0,0.0401,0.9325,-0.3589,0.0,0.3591,0.3217,0.8761,0.0,0.0,0.1002,0.0,1.0]},{"frame":9,"values":[0.9306,-0.0978,-0.3527,0.0,-0.0904,0.8723,-0.4805,0.0,0.3546,0.479,0.803,0.0,0.0,0.1002,0.0,1.0]},{"frame":10,"values":[0.8677,0.0428,-0.4952,0.0,-0.2795,0.8658,-0.415,0.0,0.411,0.4985,0.7633,0.0,0.0,0.1002,0.0,1.0]},{"frame":11,"values":[0.7209,0.1365,-0.6795,0.0,-0.3963,0.8855,-0.2426,0.0,0.5686,0.4442,0.6924,0.0,0.0,0.1002,0.0,1.0]},{"frame":12,"values":[0.5718,0.2278,-0.7882,0.0,-0.451,0.8898,-0.07,0.0,0.6854,0.3955,0.6115,0.0,0.0,0.1002,0.0